EMBER_COMPOSITION_ATMOSPHERE 2
source "TLUSTY208/SYNSPEC54 helium-rich gas atmospheres; extended XH>=.3; validated extension with explicit missing nodes"
approximation "LTE plane-parallel gas, GS98 metal proxy, source molecular EOS; effective helium mass, isotope cross sections and broadening approximated; no condensates or irradiation"
basis baryon_mass
tau 100
metals 0.0040277310873548045 4.525540547589668e-05 0.0011134710540233279 0.0092135424531459703 0.0055999999999999999
hydrogen 7 0.10000000000000001 0.14999999999999999 0.20000000000000001 0.29999999999999999 0.45000000000000001 0.69999999999999996 0.84999999999999998
helium3 2 0 0.12
log_teff 20 3.4149733479708178 3.4471580313422194 3.4771212547196626 3.5051499783199058 3.5314789170422549 3.5563025007672873 3.5797835966168101 3.6020599913279625 3.6232492903979003 3.6434526764861874 3.6627578316815739 3.6812412373755872 3.6989700043360187 3.716003343634799 3.7323937598229686 3.7481880270062002 3.7634279935629373 3.7781512503836434 3.7923916894982539 3.8061799739838871
log_g 5 4.9000000000000004 5.1500000000000004 5.4000000000000004 5.7000000000000002 6
data
0
0
0
0
0
0
0
0
0
0
0
0
0
0
0
1 3.7631565738424113 6.8135869191695919
1 3.7440377605620609 7.0094561251170457
1 3.7292128593203961 7.2015927836202458
0
0
1 3.8206642811671059 6.7016806541927014
1 3.7996929208980217 6.8821417215708056
1 3.7799728399984955 7.0705466212104735
0
0
0
0
0
0
0
0
0
0
0
0
0
0
0
0
0
0
0
0
0
0
0
0
0
0
0
0
0
0
0
0
0
0
0
0
0
0
0
0
0
0
0
0
0
0
0
0
0
0
0
0
0
0
0
0
0
0
0
0
0
0
0
0
0
0
0
0
0
0
0
0
0
0
0
0
0
0
0
0
0
0
0
0
0
0
0
0
0
0
0
0
1 3.7664412167994077 6.8104541757999195
1 3.7473617080591173 7.0058997408328043
1 3.7321033680899403 7.1981772869322773
0
0
1 3.8232199072118247 6.7025193013463884
1 3.8026485904177583 6.8812040400990142
1 3.7830802700893775 7.0681877466897154
0
0
0
0
0
0
0
0
0
0
0
0
0
0
0
0
0
0
0
0
0
0
0
0
0
0
0
0
0
0
0
0
0
0
0
0
0
0
0
0
0
0
0
0
0
0
0
0
0
0
0
0
0
0
0
0
0
0
0
0
0
0
0
0
0
0
0
0
0
0
0
0
0
0
0
0
0
0
0
0
0
0
0
0
0
0
0
0
0
0
0
0
1 3.7238672176540479 6.8370048015571339
1 3.7095200929583827 7.0295524635858371
1 3.7010535615340752 7.2141461494630112
0
0
1 3.7862191097654265 6.6958393933990159
1 3.7631656624745289 6.8919511892065035
1 3.7442155416722285 7.0865208032272662
0
0
1 3.8483861960833359 6.6045258520235652
1 3.8248982392571054 6.777669118047271
1 3.8012919207694926 6.9603582010520197
0
0
1 3.8894955739642643 6.5326275735646986
1 3.8764460863946599 6.7008498324306549
1 3.8587330624943545 6.8712584716525766
0
0
1 3.9152697847599738 6.4656608120655648
1 3.9094095232785939 6.631780369548455
1 3.9005144961970819 6.79971132850602
0
0
0
1 3.9310865182250776 6.5640162992132627
1 3.9272394206511221 6.7297094998162628
0
0
0
1 3.9481837529923114 6.4996361842727515
1 3.9466076035503344 6.6630648908300776
0
0
0
1 3.9623923057854058 6.4378861616158556
1 3.9621885706238409 6.5997801056566514
0
0
0
1 3.9745453575375929 6.378751025601832
1 3.9752291368227604 6.5395482062904016
0
0
0
1 3.9850716603531233 6.3236424750433802
1 3.9864163564836526 6.4836939727448666
0
0
0
1 3.9942201793524466 6.2729058744387443
1 3.9961085243332595 6.4330043435976529
0
0
0
1 4.0024596979320952 6.2248639794112473
1 4.0048019385683729 6.3862440438118062
1 4.0077496720509398 6.5771380979269125
1 4.011251230483845 6.7681570033890601
0
1 4.010238074497364 6.1783842383657959
1 4.0128351835696341 6.3412769742568829
1 4.0158341724079119 6.5333552629396072
1 4.0196415512836934 6.7237003353661926
0
1 4.0176890209828668 6.1326029342049218
1 4.0203569004044217 6.296584460555585
1 4.0234071387631367 6.4907015241182116
1 4.0272380926425031 6.6817809283139136
0
1 4.0250108186926656 6.0867359096849878
1 4.0275408613352344 6.2517688873348289
1 4.0307199259722379 6.4482590872062149
1 4.034397700798749 6.6411371411687572
0
1 4.0323558319812234 6.0401225018008935
1 4.0346625307270774 6.2067365917988759
1 4.0379079422035069 6.4055074192576633
1 4.0413612480071324 6.6008333607945842
0
1 4.0398344637712063 5.9923639335968408
1 4.041873296872871 6.1607215071827826
1 4.0450493157100142 6.3619486260082185
1 4.0483246831352497 6.5599034989819227
0
0
0
0
0
0
0
0
0
0
0
0
0
0
0
1 3.7271369962871415 6.8330869358867723
1 3.7121390601686528 7.0264175377207376
1 3.7030947879306946 7.2115997199897128
0
0
1 3.789513261479037 6.6940831325582826
1 3.7665241984845825 6.8888778910188844
1 3.7472728894590697 7.0834632469537278
0
0
1 3.8504262862340295 6.6058669141412301
1 3.8277533722609478 6.7780368310983414
1 3.8044743808596637 6.9591807173523028
0
0
1 3.8902198695283525 6.535223874643548
1 3.8778083548831974 6.7027282408832063
1 3.8608005274270472 6.8723097275224196
0
0
1 3.9154504678159006 6.4691196330160956
1 3.9098385346513975 6.6345033248146192
1 3.9014250971148536 6.8019263690042351
0
0
0
1 3.931177068181074 6.5674524929169102
1 3.9275016172085375 6.7326191556862618
0
0
0
1 3.9481218482110583 6.5034899841281728
1 3.9466290319628041 6.6665322821705244
0
0
0
1 3.9622837940783877 6.4419517484533948
1 3.9621320562644926 6.6035684372634247
0
0
0
1 3.9744092096813168 6.3829276965540336
1 3.975114710119394 6.5435097457607849
0
0
0
1 3.9849265986285691 6.3277637787680296
1 3.9862882587264319 6.4877506185293807
0
0
0
1 3.9940455788305065 6.2770244975063401
1 3.995973903572116 6.4371063861737197
0
0
0
1 4.0022724829707936 6.2288794849966571
1 4.0046709199217911 6.3902803063455513
1 4.0076178895131136 6.5810736440218802
1 4.0111397049769524 6.7718651064991375
0
1 4.0100383358208962 6.1824615811910499
1 4.0127051502511977 6.3452036840441641
1 4.0157063526864674 6.5373219556189399
1 4.0195214493245865 6.7274865929486856
0
1 4.0175044803197997 6.1366088553944564
1 4.0201891380154011 6.300576083414442
1 4.0232893925844015 6.4946246650384447
1 4.0271231995818004 6.6855603720029233
0
1 4.0248355153116 6.0907088199603114
1 4.0273637489028928 6.2557946540216847
1 4.0306062913665972 6.4521322794211455
1 4.0342808207908289 6.6449864511926346
0
1 4.0321643488964032 6.0442536611573559
1 4.0344884099483975 6.2107072490249378
1 4.0377861383011666 6.4093823812649928
1 4.0412471376756445 6.6046281372589748
0
1 4.0396518098209855 5.9964170690049556
1 4.0416980906953111 6.1646821785975181
1 4.044921361422813 6.3657563058672189
1 4.0482275688672154 6.5635840778430588
0
0
0
0
0
0
0
0
0
0
1 3.6626193597901859 6.9715778218921587
1 3.6600789623189351 7.1469480298809041
1 3.6595647052766247 7.3221151449897111
0
0
1 3.7006451379187268 6.8506708007855437
1 3.691379491414696 7.0363600434562157
1 3.6863996372112138 7.2160065930653534
0
0
1 3.7581304945551732 6.7052199343200662
1 3.7366907431383338 6.9036868561041951
1 3.7224067600242607 7.094971827894704
0
0
1 3.8270752390678529 6.5903071803492326
1 3.7991293689588836 6.7724361627341017
1 3.7749887946702896 6.9645950242233328
0
0
1 3.8784752153589435 6.5050447277427166
1 3.8610490924635994 6.6813649368280421
1 3.838086306467186 6.8586374382934192
0
0
1 3.908974538878188 6.4267378047662609
1 3.9008534042588865 6.5987569232249612
1 3.8886971211000874 6.7732725345595197
0
0
0
1 3.9254764034628216 6.5210352475207802
1 3.9202504528859703 6.6913027567572136
0
0
0
1 3.9434341109950721 6.4508392731924209
1 3.9412966685127402 6.6162957213449536
0
0
0
1 3.9579725808890518 6.3861996178349409
1 3.9575184028759476 6.5489194015294494
0
0
0
1 3.9700902590095475 6.3255324580393886
1 3.9706587530554844 6.4870987601105661
0
0
0
1 3.9802943900209424 6.2693313193741407
1 3.9817833365940238 6.4304565144859378
0
0
0
1 3.9891631434836383 6.217703464455119
1 3.9913459101022544 6.3793181749286472
0
0
0
1 3.9973533999317388 6.1691733692920874
1 3.9998955796216547 6.3315443476269406
1 4.0026760716452179 6.5235771604164556
1 4.0060153989471265 6.7142338568574731
0
1 4.0051655066101413 6.1222950430549385
1 4.0077644435945468 6.2853552967882749
1 4.01089040634045 6.4790868958102283
1 4.0143983434206456 6.66996710001892
0
1 4.0127316170631353 6.075739685358176
1 4.0152354116256186 6.239800413274132
1 4.0185652545776289 6.4355247416826371
1 4.0220268008939843 6.6278261596852621
0
1 4.0201584258173471 6.0290929589288114
1 4.0224827291598251 6.1944400582282313
1 4.0259096521415634 6.3920300765064431
1 4.0293034000909156 6.5862849321019823
0
1 4.0276410310434914 5.981140398539913
1 4.029711744519795 6.1483003906606299
1 4.0330271856161097 6.3479526287181454
1 4.0364260363746247 6.5445429660221865
0
1 4.0353229904469217 5.9312705973532642
1 4.0370249272523475 6.101091825344378
1 4.0400666921061772 6.3027162449265415
1 4.0435111325525313 6.5021637851587029
0
0
0
0
0
0
0
0
0
0
1 3.664221985817985 6.9700918200622795
1 3.6614262501273269 7.1455833754852742
1 3.6607386340475574 7.3207705834657402
0
0
1 3.7030847914675991 6.8476661482622774
1 3.6932908714657979 7.0341848423048567
1 3.6879358177203998 7.2141750160770766
0
0
1 3.7615070455521877 6.7023306890689032
1 3.7396638058561598 6.900640708975839
1 3.7247340256134294 7.0924226455015393
0
0
1 3.8298535706988024 6.5909134546316652
1 3.8022933234113876 6.7713801503915292
1 3.7780938862484397 6.9622976026405432
0
0
1 3.8795298615673919 6.5066383242303836
1 3.8628722613703022 6.6822393045150807
1 3.8407430718542273 6.8588571103761486
0
0
1 3.9092651693815501 6.4294676975859026
1 3.9015065808577112 6.6007064575272043
1 3.8899562902096148 6.7746640791651282
0
0
0
1 3.9256285728805107 6.523953507779134
1 3.9206444132883997 6.6935647273482317
0
0
0
1 3.9434139076042802 6.4543161311432655
1 3.9413818661224198 6.6193255413776217
0
0
0
1 3.9578899840608335 6.3899120442025374
1 3.9574807956717653 6.5524129838883818
0
0
0
1 3.9699638795902117 6.32933376482619
1 3.9705745770282999 6.4907695578171518
0
0
0
1 3.9801360050381343 6.2730947451622354
1 3.9816787689328739 6.4342117444533411
0
0
0
1 3.9890000854563472 6.2215115187242445
1 3.9912317409940905 6.3829890273901873
0
0
0
1 3.9971915889781053 6.1729210662868805
1 3.999759516880228 6.3352517535757187
1 4.0025768189560536 6.5271843893856021
1 4.0059174796291996 6.7177155657978753
0
1 4.0049957431252441 6.126043135367599
1 4.0076147185074502 6.2890278298800419
1 4.010788823106779 6.4827379495547284
1 4.0143026056936399 6.6735157569426686
0
1 4.0125625175480195 6.079610885391836
1 4.0150743986218878 6.243512892559532
1 4.0184630601933087 6.4391142900855414
1 4.0219365975601873 6.6313410221838902
0
1 4.0200003602205694 6.0328182064277094
1 4.0223319977492302 6.1980379168546715
1 4.025792026435064 6.3956283095584965
1 4.0292096659511847 6.5897924874408922
0
1 4.0274790277583818 5.9849143065617838
1 4.0295526824863348 6.1520116022712594
1 4.0328985137623192 6.3514479003618849
1 4.0363393539599945 6.5480232689432087
0
1 4.0351821500302414 5.9348640722803934
1 4.0368748510976857 6.1047391840861565
1 4.0399313235127075 6.3062275060911972
1 4.0434301665110102 6.5055667278515816
1 3.6024357619255585 7.1603771570190364
1 3.6057857283417469 7.336577049860816
1 3.6094032360424047 7.5120212161211253
0
0
1 3.6225649075362658 7.0653401113699159
1 3.6243731639067334 7.2398300161367759
1 3.6269021386181826 7.4142288469578563
0
0
1 3.646866913838485 6.9658869262707492
1 3.6461944571340097 7.1397980909358694
1 3.6469432162368376 7.3140840550348853
0
0
1 3.6779031643832467 6.8551030153443024
1 3.673208538103621 7.03456419321562
1 3.6709207046930623 7.2104843322770513
0
0
1 3.7221153258530846 6.7196798691424675
1 3.7085818361964242 6.9131664872714973
1 3.700739305471183 7.0975131317093227
0
0
1 3.7904457298320411 6.5836988871081497
1 3.7617193542144154 6.7777442623830337
1 3.742003080638149 6.9722323731828659
0
0
1 3.857977959324153 6.4800838816611401
1 3.8325298491857995 6.6643153772377453
0
0
0
0
0
0
0
0
0
0
0
0
0
0
0
0
0
0
0
0
0
0
0
0
0
0
0
0
0
0
1 3.9748851178941815 6.3562453091102924
0
0
0
1 3.9819148575903345 6.1417042254851264
1 3.9840759602560887 6.3034691129657006
0
0
0
1 3.9901165710872806 6.0924711570020547
1 3.9924141944271629 6.2543739292675591
0
0
0
1 3.9980141140162999 6.0443696644333382
1 4.0002866865013251 6.2072897709988819
0
0
0
0
0
0
0
0
0
0
0
0
0
0
0
0
0
0
0
0
0
0
1 3.6032342650020919 7.1593296668445303
1 3.6065395788094246 7.3354084453142629
1 3.6101196814987393 7.5107746817875176
0
0
1 3.6234799290559465 7.0644634889967417
1 3.6252121258631624 7.2387251707370108
1 3.6276905486902282 7.413040507598387
0
0
1 3.6479608319343257 6.9649832677550059
1 3.6471769024852949 7.1388490107020965
1 3.6478399476291972 7.3130068977490135
0
0
1 3.6793824866962059 6.8535379671041774
1 3.6744460578400373 7.0333868306057701
1 3.6719914462544341 7.2094028638136933
0
0
1 3.7245494268148045 6.7170355616158819
1 3.710405173733514 6.9110812539470894
1 3.7021864652706715 7.0960257076933226
0
0
1 3.7935054629302232 6.582679842408977
1 3.7645698846537377 6.7757297724887957
1 3.7443007138229745 6.9702716517901395
0
0
1 3.8595126560153474 6.4804264981708037
1 3.8350704896786931 6.6644283331023226
0
0
0
0
0
0
0
0
0
0
0
0
0
0
0
0
0
0
0
0
0
0
0
0
0
0
0
0
0
0
1 3.9747746604679701 6.3593960211055736
0
0
0
1 3.9817781831211763 6.1450750981865623
1 3.9839554842397571 6.3066649914882493
0
0
0
1 3.9899796761904098 6.0958423809432443
1 3.9922903912604171 6.2575894481681731
0
0
0
1 3.9978811768370988 6.047686979561572
1 4.0001571321106466 6.2105033114936878
0
0
0
0
0
0
0
0
0
0
0
0
0
0
0
0
0
0
0
0
0
0
1 3.5929284682217522 7.1511899285892371
1 3.5964935835122582 7.3268469815639268
1 3.6003248275195396 7.5017135610955448
0
0
1 3.6122714883029605 7.055236822933149
1 3.6145049172495267 7.2295903985815633
1 3.6173639965032849 7.4037795176632839
0
0
1 3.6351377407962273 6.9550364608850712
1 3.6353688460207438 7.1287509906374318
1 3.6366832868916208 7.3025493409044415
0
0
1 3.6627309226078051 6.8471486669644941
1 3.6602408626083003 7.0238572988963801
1 3.6592835649175779 7.1983715662869425
0
0
1 3.6983428558263212 6.7245801358796147
1 3.690405461284604 6.9097415549034249
0
0
0
1 3.7542547327794353 6.5870435365860684
1 3.7317966574470813 6.7805856839434364
0
0
0
1 3.8317607514439747 6.4644451644867136
1 3.7994969471852866 6.6545433533913121
0
0
0
1 3.8835205719110277 6.3436300910882633
1 3.8673195115133088 6.53504286595272
0
0
0
1 3.9118325569548804 6.2364179470934582
1 3.9056156205127697 6.4188434874211238
0
0
0
1 3.9300203367422633 6.1498364502025415
1 3.9279536508228206 6.3221441350884886
0
0
0
0
0
0
0
0
0
0
0
0
0
0
0
0
0
0
0
0
0
0
0
0
0
0
0
0
0
0
0
0
0
0
0
0
0
0
0
0
0
0
0
0
0
0
0
0
0
0
0
0
0
1 3.5935929783076883 7.1502018203370827
1 3.5971380137226237 7.3257532407863035
1 3.6009529814800199 7.50053411038067
0
0
1 3.6129965558853949 7.0545930523646705
1 3.615191037241595 7.228684193324372
1 3.6180256656632683 7.4027394264035458
0
0
1 3.6359237524441026 6.954492541722022
1 3.6361125667500116 7.1281331446044502
1 3.6373853421819691 7.3017263319824028
0
0
1 3.66367386983723 6.8464669925561692
1 3.6610828260482671 7.0232956109445972
1 3.6600608566569672 7.1978047826152887
0
0
1 3.6997746070957405 6.7231926753314131
1 3.6915016056994765 6.9087258154151279
0
0
0
1 3.7567675449865683 6.5856210713764494
1 3.733659509469518 6.7791660957393374
0
0
0
1 3.8337752132703664 6.4643289209701651
1 3.8020129808168339 6.6538100021985622
0
0
0
1 3.8841188238023232 6.3442613143844069
1 3.8684530008190046 6.5349911282457311
0
0
0
1 3.9119587776826541 6.2381982149785697
1 3.9059540338208993 6.4200364699485517
0
0
0
1 3.9299809287734835 6.1522946561280945
1 3.9279978101248521 6.3241971929990264
0
0
0
0
0
0
0
0
0
0
0
0
0
0
0
0
0
0
0
0
0
0
0
0
0
0
0
0
0
0
0
0
0
0
0
0
0
0
0
0
0
0
0
0
0
0
0
0
0
0
0
0
0
1 3.5839512820414328 7.1388782209900086
1 3.587557712944955 7.3136646574308886
1 3.5914096011611112 7.4874576268395634
0
0
1 3.6028933462136297 7.0403986883618455
1 3.6053258740504721 7.2149109431457052
1 3.6082991088691254 7.3888074420389422
0
0
1 3.6252133781156228 6.9388397700808033
1 3.6259085885808866 7.1130155654383076
1 3.6274375882640744 7.2864572456168029
0
0
1 3.6510753293138003 6.8309767932429883
1 3.6497027226335077 7.006445769066703
1 3.6494839186021939 7.1808201825085582
0
0
1 3.6819981078755419 6.7163763740753648
1 3.6771062653827662 6.8955193668904391
0
0
0
1 3.7252035806317281 6.5859093729025755
1 3.711425414729943 6.7757247662916829
0
0
0
1 3.8013708461738851 6.4522395991625396
1 3.7684675886072436 6.6463498499151665
0
0
0
1 3.8675347580506694 6.3087918773481402
1 3.8473631357046214 6.510948262924396
0
0
0
1 3.9011374137833168 6.1810995132924509
1 3.8932087160599202 6.3692945594545058
0
0
0
1 3.9213179175939881 6.0837397913588553
1 3.9185090940146905 6.2582844120224976
0
0
0
0
0
0
0
0
0
0
0
0
0
0
0
0
0
0
0
0
0
0
0
0
0
0
0
0
0
0
0
0
0
0
0
0
0
0
0
0
0
0
0
0
0
0
0
0
0
0
0
0
0
1 3.5844945486578172 7.1379916294343326
1 3.5880967002732462 7.3126836649068441
1 3.5919450159415351 7.4863788856890299
0
0
1 3.6034561742360771 7.0398994207121719
1 3.6058759609151121 7.2142137574313168
1 3.6088416070429865 7.3879611305231423
0
0
1 3.6257778990688627 6.9385482910776188
1 3.6264626911556537 7.112608255017812
1 3.6279791641201933 7.2858771421799755
0
0
1 3.6516858163665753 6.8307576625264801
1 3.6502717217295069 7.0062016077206195
1 3.65003520510282 7.1805402315697027
0
0
1 3.6828092236489898 6.7158670563976095
1 3.6777697442050621 6.8951528639226662
0
0
0
1 3.7266317006292149 6.5848706174893579
1 3.7124368364073943 6.7750033381568988
0
0
0
1 3.8032680383455606 6.4515619354843725
1 3.770342811692049 6.6456941036347903
0
0
0
1 3.8681774074316819 6.3087610709246116
1 3.8485670650849499 6.5104623891414608
0
0
0
1 3.9012953098117795 6.182251625028675
1 3.8935572903831845 6.3698488235434603
0
0
0
1 3.9213141858657523 6.0855437533466175
1 3.9185794685108877 6.2597349554192565
0
0
0
0
0
0
0
0
0
0
0
0
0
0
0
0
0
0
0
0
0
0
0
0
0
0
0
0
0
0
0
0
0
0
0
0
0
0
0
0
0
0
0
0
0
0
0
0
0
0
0
0
0
0
0
0
0
0
0
0
0
0
0
0
0
0
0
0
0
0
0
0
0
1 3.6766718595565084 6.709783504643557
1 3.6726089796425136 6.8872393367242486
0
0
0
1 3.7164612478781387 6.5828822090867884
1 3.705138534822777 6.7702983009859423
0
0
0
1 3.7895374999833353 6.447451830838399
1 3.7577814880769336 6.6400883707867049
0
0
0
1 3.8607470631010701 6.2945069947793071
1 3.8388949382728845 6.4997325851467291
0
0
0
1 3.8964212135807306 6.1580591237419275
1 3.8878630768477995 6.3481820146453662
0
0
0
1 3.9174183253179287 6.055866342747092
1 3.9143248922284752 6.2318629734295259
0
0
0
0
0
0
0
0
0
0
0
0
0
0
0
0
0
0
0
0
0
0
0
0
0
0
0
0
0
0
0
0
0
0
0
0
0
0
0
0
0
0
0
0
0
0
0
0
0
0
0
0
0
0
0
0
0
0
0
0
0
0
0
0
0
0
0
0
0
0
0
0
0
1 3.6773120536934338 6.7094709111435309
1 3.6731504895604314 6.8870485277964724
0
0
0
1 3.7175356063319152 6.5820102083695415
1 3.705925336995739 6.7698285123975461
0
0
0
1 3.7912852217547015 6.4468097186543911
1 3.7593019053923911 6.6395286238492899
0
0
0
1 3.8613762617323433 6.2942966163305227
1 3.8400559265422611 6.4991722460377002
0
0
0
1 3.8965787400719378 6.1589857189756545
1 3.8882014206743811 6.3485740453809694
0
0
0
1 3.9174197696339439 6.0573912731448427
1 3.9143986896773102 6.2330925503026009
0
0
0
0
0
0
0
0
0
0
0
0
0
0
0
0
0
0
0
0
0
0
0
0
0
0
0
0
0
0
0
0
0
0
0
0
0
0
0
0
0
0
0
0
0
0
0
0
0
0
0
0
0
