EMBER_METAL_ATMOSPHERE_RESPONSE 1
source "Measured GS98 metal response from validated LTE gas atmospheres"
approximation "Interpolate log matching-temperature and gas-pressure changes in Z; fixed GS98 ratios; metal and small-He3 responses assumed separable"
basis baryon_mass
reference_Z 0.01
source_Z 0.0050000000000000001
maximum_helium3 0.0030000000000000001
tau 100
hydrogen 4 0.14999999999999999 0.29999999999999999 0.90000000000000002 0.93999999999999995
log_teff 4 3.5051499783199058 3.5563025007672873 3.6020599913279625 3.6434526764861874
log_g 3 4.9000000000000004 5.1500000000000004 5.4000000000000004
data
1 -0.029305255799574326 0.42271660582898818
1 -0.019492541431473498 0.41057437576954925
0
1 -0.079133968067976568 0.44251719397224498
1 -0.07015044261810921 0.4440539554574201
0
1 -0.046452229819418989 0.35871496732615071
1 -0.05235060042902262 0.37375807412794693
0
1 -0.029110722196595162 0.28956177376530334
1 -0.030147857877571127 0.29799854550730132
0
1 -0.013820314168727421 0.39729344223633944
1 -0.009165605675102384 0.39223985337908829
0
1 -0.059070526835881765 0.44229120896931562
1 -0.038646760541139358 0.42208606057476317
0
1 -0.060518457837430262 0.39021604563864543
1 -0.070455393930297205 0.39948583372016166
1 -0.071271031561700227 0.40454940955277152
1 -0.033460457199518956 0.28741080950860898
1 -0.035752360964711016 0.29861192280584703
1 -0.038969468044797395 0.3144080431874805
1 -0.0077631485147513501 0.38253061299326419
1 -0.0054106550453951741 0.37568362566804581
0
1 -0.02174136984458741 0.38347552346346703
1 -0.014491508312502788 0.37943060879521795
0
1 -0.072991151703954316 0.40268306000027998
1 -0.066385902369249905 0.38764539655220354
1 -0.046350979553521299 0.36723296999962685
1 -0.038173797243144847 0.28597843292708802
1 -0.042193006691775281 0.30362751401269072
1 -0.048211895316519815 0.32286301863242883
0
0
0
0
0
0
1 -0.072730128228405633 0.40250245195796275
1 -0.065724415354830867 0.38558304249189135
1 -0.045333233916133864 0.36576691872228473
1 -0.038393330062840292 0.28572956305796993
1 -0.042350316345364902 0.30335466364415709
1 -0.048291982695454649 0.32328269551577549
