EMBER_METAL_ATMOSPHERE_RESPONSE 1
source "Measured GS98 metal response from validated LTE gas atmospheres"
approximation "Interpolate log matching-temperature and gas-pressure changes in Z; fixed GS98 ratios; metal and small-He3 responses assumed separable"
basis baryon_mass
reference_Z 0.02
source_Z 0.01
maximum_helium3 0.0030000000000000001
tau 100
hydrogen 4 0.14999999999999999 0.29999999999999999 0.90000000000000002 0.93999999999999995
log_teff 4 3.5051499783199058 3.5563025007672873 3.6020599913279625 3.6434526764861874
log_g 3 4.9000000000000004 5.1500000000000004 5.4000000000000004
data
1 -0.047354135323161017 0.45147291060941797
1 -0.030919140667473144 0.42911052853731135
0
1 -0.075264575459826233 0.42499202705598726
1 -0.075571846751333993 0.44674363444622145
0
1 -0.036451407095787758 0.35089737556771716
1 -0.042568924300629973 0.36760489810868258
0
0
1 -0.02675621935540029 0.30533658354903359
0
1 -0.020969270402794393 0.41269410010768226
1 -0.014072417704300122 0.40214108883916566
0
1 -0.092922813347032118 0.46756707193821612
1 -0.066356727872447507 0.4586165463793801
0
1 -0.054406451012912527 0.37939069821278792
1 -0.062671171176912566 0.40333865677376934
0
1 -0.028918849660456658 0.29508610629598131
1 -0.031806660283409727 0.30064777137159204
0
1 -0.011300187486217084 0.39800388199820702
1 -0.0081980511369224018 0.39270085853556935
0
1 -0.039038868050992548 0.42237194634813768
1 -0.02595164723785004 0.40083498529105199
0
1 -0.07154826753964727 0.4079387039693021
1 -0.081466833455660748 0.41362712710524008
1 -0.071126712957129357 0.4060916014276259
1 -0.034296141711637418 0.28563831017781283
1 -0.03748482181470969 0.29879580064635469
1 -0.042058335578428085 0.31768489088407037
0
0
0
0
0
0
1 -0.071930555648336281 0.40767766309510201
1 -0.081114479990608501 0.41360838359935848
1 -0.070185980800429704 0.40426692775117878
1 -0.034298446099553459 0.28574585115507034
1 -0.037739352948729987 0.29834637030986322
1 -0.042324005260349296 0.31721511837864824
