3 22 13 HHe_absorption_electron_Rayleigh
-2 -1.75 -1.5 -1.25 -1 -0.75 -0.5 -0.25 0 0.25 0.5 0.75 1
3.3010299956639813 3.3521825181113627 3.3979400086720375 3.4393326938302629 3.4771212547196626 3.5440680443502757 3.6020599913279625 3.6532125137753435 3.6989700043360187 3.7323937598229686 3.7558748556724915 3.7781512503836434 3.7923916894982539 3.8195439355418688 3.8450980400142569 3.8750612633917001 3.9030899869919438 3.9542425094393248 4 4.0791812460476251 4.204119982655925 4.3010299956639813
0.97999999999999998 0
-2.0368345449520628 -1.9411661020118971 -1.8510925541379519 -1.7635727864288842 -1.6758089748085478 -1.5852040024532601 -1.4892679387292773 -1.3856131291059315 -1.272228949932446 -1.1482281236771834 -1.0150797025359555 -0.87784784589313203 -0.74528622152080459
-2.2769157788118259 -2.1918721535937187 -2.1091170839417122 -2.025929180751842 -1.9398196289688001 -1.8484760889168745 -1.7498131423779302 -1.6422972114251044 -1.5256954988242866 -1.4022118105259767 -1.2774655710574703 -1.1601221741441035 -1.0592399569830637
-2.4497997399256528 -2.3695268664767632 -2.288793755261187 -2.2051696704441994 -2.1165080965884475 -2.021045579713344 -1.9177456246973064 -1.806992151054156 -1.6915395707372785 -1.577134002351021 -1.4716919435636575 -1.3824892893152096 -1.3129568652982955
-2.563903756990396 -2.48295227902087 -2.3991115796433355 -2.3104059270723156 -2.2154269114107894 -2.1136278528106605 -2.0058198719568083 -1.894719484224394 -1.7850327854204164 -1.6823610091260521 -1.5909578671693738 -1.5118137356676509 -1.4426034625806587
-2.5855463220161199 -2.4962333285095211 -2.4024139101554089 -2.3029842918735755 -2.197626338014977 -2.0869116024798577 -1.9723101749988643 -1.8559620135239963 -1.7401400153478166 -1.6265782757146277 -1.5160339413769566 -1.4083183742065992 -1.3026891222521639
-2.0587579290458753 -1.9563922660141495 -1.8525783715436925 -1.7467095382353008 -1.6383500559472188 -1.5273612362664584 -1.4139682205916593 -1.298787443617831 -1.1828315186628144 -1.0674967383950951 -0.95452329970728023 -0.84590490943790198 -0.74372046462554275
-1.2012733915524203 -1.1134847935580929 -1.0243940034670125 -0.93404731602480973 -0.84266381095399434 -0.75057670135848353 -0.65823534281557672 -0.56627136015153667 -0.47557617393450241 -0.38732551198686471 -0.30291327026182069 -0.22379415424249591 -0.1512653725592632
-0.4157659792322923 -0.34258225876144327 -0.2703388270127704 -0.19833916267715621 -0.12595116956439512 -0.052749662175757404 0.021335434156753673 0.095923096012216949 0.1701728089602941 0.24287101450446061 0.31259433045084767 0.37791910425432013 0.43763771763912324
0.24312941079940792 0.30842546835081058 0.37098987161115077 0.43173017019185039 0.49152694888400178 0.5511150454523035 0.61095442448299886 0.6711136029017335 0.73120168009509878 0.79038325666172693 0.84749209013452542 0.90122520185200128 0.95037631340061146
0.68654629529110545 0.74808470947770811 0.80577902757777109 0.86060070831674296 0.91355678170601518 0.96553056898677991 1.0171376509229311 1.0686135758923618 1.1197535295990952 1.1699276766113571 1.2181816344299854 1.2634028390314946 1.3045178551352881
0.97833270570378617 1.0376644149902097 1.0926540692163693 1.1441819503985757 1.193257862431375 1.2408132764856967 1.2875359484844402 1.333746358368697 1.3793395611069539 1.4237960063855486 1.4662746110544895 1.5057680710529908 1.541289469444372
1.2408163885788253 1.2980051653971261 1.3506682982749691 1.3994893195563252 1.4454011747615312 1.4893231800975746 1.5319705117565248 1.5737180399922019 1.6145316840426622 1.6539744294814711 1.6912978318064071 1.7255811278250859 1.7559017984351377
1.4016991983469713 1.4573698717332588 1.5085648246752366 1.5557801404578964 1.5998542616795779 1.6416747004023511 1.681951625348679 1.7210756995486765 1.7590428442931973 1.7954644171490988 1.8296390639559066 1.8606924085942989 1.8877378334382631
1.6947411643992993 1.7469672921741306 1.795171185834795 1.8393806536565831 1.8801716165853357 1.9182942972544932 1.9544042698384305 1.9888934530609983 2.0217939813863555 2.0527736555506118 2.081204000392161 2.1062805044351087 2.1271683423049121
1.956162190332448 2.0042477189939012 2.0491747297804301 2.0904262789844181 2.1282105227567252 2.163073086384053 2.1955579965440273 2.2260056909930581 2.2544447363881472 2.2805674927676378 2.3037845054962949 2.3233356755254846 2.3384051996439985
2.2479462117765534 2.2899613109970738 2.3301082491864089 2.3673528868773035 2.4014021968476094 2.4324380140324813 2.4607879830612682 2.4866684833153383 2.5100472503104183 2.5306016981866337 2.5477262378213617 2.5607484830030027 2.5689066592930896
2.5089242032049759 2.5444486587070556 2.5791428398719631 2.6118396950302412 2.6418653823278486 2.6690252701264101 2.6933585011975558 2.7148927698758678 2.7334367027189659 2.7486918042785118 2.7600546515890731 2.7668369919738987 2.7683621473525855
2.9411082293886097 2.9654076511636855 2.9884942869998237 3.0104405220352946 3.0306625345419458 3.0482291316734482 3.0631780699718725 3.0748856323945981 3.0829140224942866 3.0867438796464888 3.085795412407021 3.0795069350487383 3.067442795051158
3.2594781220423874 3.2719740830545359 3.2759101823654846 3.2745102336937491 3.2702571494985548 3.2648486016982878 3.2593245648386224 3.2542451435655204 3.2498548614452454 3.2462100803825673 3.243266804356117 3.240936170243446 3.2391166539811818
3.8195055102555133 3.8399553228924472 3.8478415260635619 3.8470265120996499 3.8410442759431684 3.8326085107003096 3.8235446719596351 3.8149334407905799 3.8073155225351618 3.8008814760483909 3.7956181944729295 3.7914096763395446 3.7880999788186482
4.6482581549373547 4.7106434500418572 4.7589591950109176 4.7932914206883428 4.81592192180665 4.830005262179685 4.8384291406941502 4.8433419759595022 4.8461635167398587 4.8477694120490655 4.8486786692322443 4.8491919670622936 4.8494812411324215
5.1350870373591393 5.2038719029661609 5.2610202401616872 5.3045499196206398 5.3350085563276028 5.3548385508807321 5.3670704558743347 5.3743446749525123 5.3785719218678061 5.3809945692971457 5.3823717460191256 5.3831509524306469 5.3835906554957242
0.99550000000000005 0
-2.0281949344829848 -1.9330390059301459 -1.8435705053368936 -1.7567946116916022 -1.669944402751161 -1.5804227656442609 -1.4857116690408778 -1.3833839838659214 -1.2713809500866338 -1.1487211172182998 -1.0166743777058087 -0.88000684826395947 -0.74722791301171076
-2.268625076464895 -2.1839936115537304 -2.1017100414475589 -2.0190716099506654 -1.9335883475762152 -1.8429284875539691 -1.7449804135577422 -1.638181736081592 -1.5222493320276815 -1.3992855071451029 -1.2747680436021407 -1.1572718076378157 -1.0559272386753773
-2.4416695863284077 -2.3616962902006531 -2.2812836272800228 -2.1980005390503567 -2.1096892964696066 -2.0145728484338266 -1.9116041640115138 -1.8011521631603735 -1.6859376446644818 -1.5716589434708705 -1.46620933065913 -1.3769066656812654 -1.3072813788884632
-2.5557479983549327 -2.4749667520456406 -2.391282945104932 -2.302718603622314 -2.2078640174991815 -2.1061769562819341 -1.9984764422338499 -1.8874822714641077 -1.777893988024613 -1.6753011874945389 -1.5839515792072651 -1.5048416918449452 -1.4356629380973316
-2.5770760189491253 -2.4878005663008138 -2.3939959979421523 -2.2945667427571865 -2.1892051891762274 -2.0784944045675351 -1.9639129614846551 -1.8476020522180867 -1.7318279361341919 -1.6183144374856133 -1.5078110660427679 -1.4001280728984409 -1.2945284634209739
-2.0496305026403387 -1.9472936166791308 -1.8435081941971427 -1.7376683303661156 -1.6293425080060782 -1.5183990175196369 -1.4050730777469573 -1.2899958350582545 -1.1742021710608939 -1.0591226651293677 -0.94654994389953084 -0.83855578363998284 -0.73733068851049144
-1.19246627895635 -1.1046965810307834 -1.0156335285761495 -0.92533128412641252 -0.83401663847340524 -0.74203212290776877 -0.64984173577695103 -0.55810165929059663 -0.46774247056936208 -0.3799985200812 -0.29634713508895577 -0.21835692104926216 -0.14747465934332107
-0.40726034212283613 -0.33416111811820531 -0.26199441740172713 -0.19006629422663476 -0.11775144910480533 -0.044637749778854124 0.029324137821058485 0.10372375248188009 0.17768106401476277 0.24993042902637949 0.31897996020456115 0.38331632290882783 0.44161588264730317
0.25149799694482011 0.31666167497608594 0.37910649154924092 0.43973864110227218 0.4994332960563676 0.55891460053491759 0.61862509647146302 0.67860769563698431 0.73843630244763425 0.79722921778498934 0.85376077423266439 0.90665288475069816 0.95460493757054532
0.69485222468704644 0.75623286547777246 0.81378218045942241 0.86847263141557252 0.92130687413725842 0.97315804343643775 1.0246251723005686 1.07592000518025 1.1268058147889302 1.1766115010920128 1.2243305089449181 1.2687846723884995 1.3088183751461384
0.98659411383847639 1.0457593334112822 1.1005914045808696 1.1519746941766276 1.2009161778495863 1.2483379162430539 1.294911767566765 1.3409354075416968 1.3862737768788191 1.4303687834342276 1.4723311707762896 1.5110935767769007 1.5455942443616693
1.2490250952961908 1.3060479248640271 1.3585469294746526 1.4072138992287495 1.4529810142343866 1.4967593138221746 1.5392490656727109 1.5808033228677483 1.6213592862270012 1.6604435372967477 1.6972627465740955 1.7308404414071796 1.7601848275958298
1.4098652165758836 1.465375366971873 1.5164052667616705 1.5634623995844126 1.6073861851850215 1.6490571011775725 1.6891708816640509 1.7280970427596782 1.765803819378633 1.8018674488201039 1.8355433133697745 1.8659037594107712 1.8919960271381731
1.702801051749715 1.7548875403058686 1.8029320335255863 1.8469801895647437 1.887613127729884 1.9255763568919946 1.9615130298450307 1.995795326862424 2.0284292097543273 2.0590495884219293 2.0869876576723718 2.1113894376889304 2.1313589161465929
1.9640881988634116 2.0120644015307443 2.0568472977145165 2.0979410424887148 2.1355640328467476 2.170260219440284 2.2025630844483493 2.2327950567321349 2.2609601808845148 2.2867197057757389 2.309446165819403 2.3283330857161126 2.3425069025481822
2.2556796503857961 2.2976219875869743 2.3376515142289227 2.3747515333449463 2.4086418208627491 2.4395065388430868 2.4676658990974731 2.4933204265232423 2.5164152712399166 2.5365989399869 2.5532298255880406 2.565593463504412 2.5728745536313484
2.5164651761998234 2.5519354051211613 2.5865365665082205 2.6191059056183725 2.6489802732852077 2.6759686527745483 2.7001052390914251 2.7214042994887175 2.7396533552861699 2.7545283781651961 2.7653924297053996 2.7715171393578424 2.7721764841603114
2.9483683963689367 2.9725620538772022 2.9955563957425579 3.0173930317792643 3.037477058380563 3.0826456017623229 3.0982262471668851 3.1106084388180637 3.1193295238027323 3.1238299151264419 3.0907543037533025 3.0838086844295551 3.0708993521118391
3.2662188385103885 3.2782891590446011 3.2818894596008708 3.2802350542566403 3.2757938555523185 3.2702481350549366 3.2646247003673543 3.2594733295939906 3.2550308694637131 3.2513481000779461 3.2483770290213165 3.2460259517103576 3.2441913111160026
3.8266634645691298 3.8465976305982754 3.8540533618082122 3.8529037519174398 3.846673255260594 3.8380583831053903 3.8288672676265567 3.8201661310687887 3.8124846755014388 3.8060054767757032 3.8007097999721773 3.7964777220884725 3.793150568946007
4.6568081427462982 4.718828047216844 4.7667461293794062 4.8007198073675967 4.8230733833069728 4.8369662481044982 4.8452690656422819 4.8501087304088211 4.8528873645439861 4.8544685526427624 4.8553637275752424 4.8558690435438798 4.8561538104299249
5.1437113203572418 5.2122129723297244 5.2689962807491169 5.3121444410883516 5.342270562788225 5.3618503410763125 5.3739132397015785 5.3810813066765295 5.3852448480031105 5.3876303059281154 5.388986118797277 5.3897531644864456 5.3901859821105749
0.99999899999999997 0
-2.0257139943775919 -1.9307060246590393 -1.8414126549330521 -1.7548528197574436 -1.6682690288826043 -1.5790646844314244 -1.4847139246915806 -1.3827782439982967 -1.2711850770871718 -1.1489262881042832 -1.0172143592714871 -0.88072680441872131 -0.74789665240880598
-2.2662439484518808 -2.1817313717327553 -2.0995841078105086 -2.0171049037745385 -1.9318035923573236 -1.8413428758716777 -1.7436035765837472 -1.6370150097022755 -1.5212796153329011 -1.3984702709339074 -1.274022944759706 -1.1564847262694429 -1.0550060419080785
-2.4393340260010365 -2.3594469881898692 -2.2791267084121714 -2.1959420375488077 -2.1077320359315279 -2.0127157416471726 -1.9098431013318102 -1.7994787178425506 -1.6843336171508267 -1.5700921226644471 -1.4646405455902709 -1.3753089605551891 -1.305657534569318
-2.5534043759804561 -2.4726719292766588 -2.3890330710697443 -2.3005091955704247 -2.2056902411204322 -2.1040352882086313 -1.9963656557221334 -1.8854020649766152 -1.7758421329380691 -1.6732720919369666 -1.5819379755906025 -1.5028382769038235 -1.433669586770993
-2.5746412561026375 -2.4853763228025132 -2.3915757506210675 -2.2921463431457028 -2.1867835454613549 -2.0760737489841321 -1.9614979504294163 -1.8451976887061645 -1.7294372859684481 -1.6159376208795411 -1.5054460044423235 -1.3977723891461542 -1.2921813851903876
-2.0470070028311365 -1.9446783127099099 -1.8409009557122595 -1.7350692784170054 -1.6267529868602801 -1.5158224067806392 -1.4025156867292654 -1.2874682662183115 -1.171721531082254 -1.0567161194317847 -0.94426011358439976 -0.83644847109789167 -0.73550517933614989
-1.1899349714921532 -1.1021706292288749 -1.0131154952859818 -0.92282599712284175 -0.83153115374307862 -0.73957620026351212 -0.64742941429765455 -0.55575416857961391 -0.46549253860183659 -0.37789615271861543 -0.29446709922670788 -0.21680812782365466 -0.14641152098408661
-0.4048161625151096 -0.33174109059222306 -0.25959629774803733 -0.18768859650491132 -0.11539466985641614 -0.042306185699034812 0.031620161628989743 0.10596535000157777 0.17983782877437604 0.2519566999196306 0.32080987383588611 0.38485731477071083 0.442740398424048
0.25390246325070209 0.3190282394233897 0.38143884597974909 0.44204007819034735 0.50170552457960749 0.56115621878188504 0.62082964243631145 0.68076126726976949 0.7405147622817132 0.79919491723046832 0.85555864494344824 0.90820566936801062 0.95580719695464067
0.69723853895751897 0.7585739572230441 0.81608175743786682 0.87073466293375101 0.92353404379968573 0.97535007330998458 1.0267769813074459 1.0780196094638583 1.1288319595716456 1.1785309176785448 1.2260946719701984 1.2703257457594712 1.3100440933388067
0.9889675985767421 1.0480850560872614 1.1028719831345275 1.1542138825247876 1.2031168845005413 1.2505003111833148 1.2970314080930117 1.3430012407371745 1.3882660132044213 1.4322564256388057 1.4740691582213148 1.5126191988093713 1.5468226080587995
1.2513834591130537 1.3083586226852892 1.3608105896187799 1.4094334383598208 1.4551591052858126 1.498896209682284 1.5413406986328906 1.5828393006543193 1.6233208944017592 1.662301482737425 1.698974651616961 1.7323475829530157 1.7614079917026635
1.412211367225279 1.4676753805779645 1.5186579403028941 1.5656697522328746 1.6095504733682122 1.651178521853818 1.6912454433083879 1.7301146263404197 1.767746282960557 1.8037064563217398 1.8372379162697077 1.8673974026894375 1.8932126084242271
1.7051168648414712 1.7571631277287525 1.8051618493783408 1.8491637518251522 1.8897513990490622 1.9276688983744346 1.9635557939775778 1.997778551436276 2.0303355443657036 2.0608521515438079 2.0886478184250135 2.112854094961266 2.1325569252100443
1.9663657372933732 2.0143103588961777 2.0590518116312255 2.1001002685104826 2.1376770097952669 2.1723254651716624 2.2045760354784325 2.2347459360678399 2.2628321021770335 2.2884867742836899 2.3110714250540485 2.3297660223600798 2.343680001397539
2.2579020476195923 2.2998233066781921 2.3398190068766556 2.3768774675987498 2.4107221107270624 2.4415377127210904 2.4696423055626973 2.4952318128503235 2.5182448480710016 2.5383215350153083 2.5548098084843791 2.5669828997000863 2.5740097769071673
2.5186322866257567 2.5540868798681919 2.5886612266638149 2.6211938899021354 2.6510247860129263 2.6779639076552879 2.7020439717936808 2.7232753516331352 2.7414394564552103 2.7562048608622147 2.7669248783699261 2.7728594382662903 2.7732680093460846
2.9703516695395837 2.9949559222318354 3.0184051258835067 3.0407413857056595 3.0613840114079256 3.0796309284225294 3.0951510206477177 3.1074780565912148 3.1161458319096438 3.1205878623224996 3.1201601107470713 3.1142224187403698 3.1022492345124335
3.2681534622558295 3.2801020385957056 3.2836064136567042 3.2818794076254156 3.2773845923685196 3.2717998191806958 3.2661481121169365 3.2609762979821575 3.2565190219587943 3.2528254745675862 3.2498465234436522 3.2474896517122613 3.2456507291874916
3.8287176067745867 3.8485040002869169 3.8558365892602806 3.8545914293692967 3.8482901248927162 3.8396242370620199 3.830396911994399 3.8216702347264109 3.8139707515622043 3.8074787515959145 3.8021739019965612 3.7979351647594841 3.7946030764837397
4.6592636410493782 4.7211782313856689 4.7689820923197068 4.8028530929695128 4.8251275532936049 4.8389660970026886 4.8472344226388993 4.8520532503950893 4.8548196759246487 4.8563938373696498 4.8572850042205138 4.8577880434787968 4.8580715356925692
5.146188757371597 5.2146085480343567 5.2712867461134119 5.314325408648517 5.3443563688689002 5.3638647017970973 5.3758794182925929 5.3830172494768354 5.3871626574473508 5.3895375374810879 5.3908872671945067 5.3916508573530582 5.3920817143436039
