10 52 19 OPAL GS98 Z=0.020; original cells, logT=4.0..7.1
-8.0 -7.5 -7.0 -6.5 -6.0 -5.5 -5.0 -4.5 -4.0 -3.5 -3.0 -2.5 -2.0 -1.5 -1.0 -0.5 0.0 0.5 1.0
4.00 4.05 4.10 4.15 4.20 4.25 4.30 4.35 4.40 4.45 4.50 4.55 4.60 4.65 4.70 4.75 4.80 4.85 4.90 4.95 5.00 5.05 5.10 5.15 5.20 5.25 5.30 5.35 5.40 5.45 5.50 5.55 5.60 5.65 5.70 5.75 5.80 5.85 5.90 5.95 6.00 6.10 6.20 6.30 6.40 6.50 6.60 6.70 6.80 6.90 7.00 7.10
0.0000 0.0200
-1.067 -1.201 -1.357 -1.541 -1.734 -1.933 -2.122 -2.296 -2.448 -2.551 -2.593 -2.518 -2.318 -2.014 -1.664 -1.300 -0.938 -0.582 -0.225
-0.989 -0.990 -1.025 -1.097 -1.209 -1.351 -1.497 -1.631 -1.751 -1.832 -1.880 -1.859 -1.766 -1.586 -1.323 -0.993 -0.635 -0.276 0.082
-0.961 -0.956 -0.951 -0.948 -0.952 -0.969 -0.998 -1.032 -1.058 -1.068 -1.060 -1.024 -0.962 -0.860 -0.713 -0.510 -0.251 0.063 0.412
-0.955 -0.940 -0.925 -0.909 -0.884 -0.836 -0.749 -0.635 -0.520 -0.423 -0.340 -0.261 -0.183 -0.088 0.023 0.166 0.347 0.574 0.846
-0.960 -0.947 -0.929 -0.903 -0.867 -0.808 -0.696 -0.509 -0.267 -0.027 0.176 0.329 0.457 0.577 0.701 0.839 0.994 1.164 1.352
-0.954 -0.946 -0.931 -0.907 -0.868 -0.801 -0.681 -0.491 -0.221 0.105 0.428 0.704 0.918 1.091 1.253 1.412 1.558 1.706 1.878
-0.934 -0.930 -0.919 -0.902 -0.871 -0.813 -0.698 -0.503 -0.235 0.101 0.484 0.860 1.184 1.443 1.643 1.821 1.986 2.145 2.301
-0.862 -0.886 -0.890 -0.880 -0.856 -0.807 -0.709 -0.534 -0.271 0.074 0.473 0.893 1.301 1.654 1.933 2.139 2.323 2.487 2.629
-0.693 -0.739 -0.783 -0.810 -0.808 -0.775 -0.697 -0.552 -0.317 0.014 0.417 0.862 1.322 1.750 2.107 2.389 2.610 2.774 2.921
-0.648 -0.642 -0.643 -0.655 -0.669 -0.658 -0.604 -0.483 -0.281 0.013 0.397 0.846 1.321 1.785 2.205 2.556 2.834 3.046 3.212
-0.635 -0.623 -0.604 -0.572 -0.523 -0.465 -0.394 -0.294 -0.134 0.104 0.428 0.838 1.306 1.794 2.261 2.667 3.003 3.272 3.461
-0.631 -0.614 -0.591 -0.554 -0.484 -0.359 -0.192 -0.018 0.163 0.370 0.622 0.949 1.354 1.818 2.297 2.748 3.137 3.442 3.666
-0.634 -0.618 -0.593 -0.552 -0.480 -0.347 -0.130 0.156 0.451 0.706 0.945 1.208 1.520 1.904 2.349 2.813 3.237 3.578 3.837
-0.628 -0.614 -0.593 -0.557 -0.488 -0.360 -0.143 0.173 0.566 0.951 1.273 1.539 1.798 2.099 2.473 2.907 3.329 3.692 3.985
-0.627 -0.611 -0.588 -0.555 -0.496 -0.379 -0.177 0.126 0.520 0.977 1.427 1.801 2.097 2.365 2.671 3.038 3.436 3.809 4.120
-0.625 -0.611 -0.581 -0.552 -0.497 -0.394 -0.213 0.069 0.440 0.888 1.385 1.875 2.290 2.618 2.917 3.233 3.578 3.930 4.247
-0.628 -0.607 -0.583 -0.551 -0.497 -0.398 -0.231 0.030 0.379 0.802 1.282 1.802 2.315 2.755 3.112 3.428 3.742 4.066 4.376
-0.626 -0.609 -0.584 -0.550 -0.497 -0.405 -0.247 0.003 0.336 0.737 1.197 1.703 2.240 2.758 3.202 3.572 3.897 4.208 4.503
-0.614 -0.598 -0.575 -0.542 -0.488 -0.398 -0.248 -0.013 0.310 0.701 1.144 1.640 2.172 2.709 3.210 3.644 4.009 4.330 4.615
-0.587 -0.571 -0.549 -0.517 -0.468 -0.383 -0.238 -0.011 0.303 0.694 1.132 1.615 2.135 2.668 3.192 3.668 4.077 4.421 4.712
-0.530 -0.522 -0.507 -0.478 -0.430 -0.350 -0.216 0.000 0.311 0.703 1.141 1.616 2.133 2.654 3.185 3.682 4.118 4.480 4.766
-0.447 -0.434 -0.419 -0.397 -0.355 -0.278 -0.147 0.057 0.356 0.740 1.173 1.649 2.162 2.672 3.198 3.700 4.146 4.512 4.785
-0.366 -0.343 -0.321 -0.289 -0.244 -0.172 -0.048 0.140 0.406 0.765 1.198 1.680 2.178 2.701 3.227 3.723 4.160 4.510 4.763
-0.329 -0.284 -0.238 -0.189 -0.127 -0.038 0.093 0.272 0.519 0.852 1.262 1.732 2.220 2.739 3.254 3.731 4.145 4.467 4.695
-0.343 -0.287 -0.221 -0.146 -0.055 0.062 0.219 0.419 0.665 0.977 1.357 1.807 2.280 2.775 3.261 3.702 4.083 4.376 4.589
-0.410 -0.344 -0.267 -0.173 -0.057 0.090 0.278 0.506 0.766 1.063 1.431 1.860 2.314 2.782 3.227 3.624 3.973 4.244 4.458
-0.493 -0.425 -0.344 -0.245 -0.117 0.053 0.270 0.529 0.817 1.132 1.490 1.893 2.322 2.753 3.152 3.509 3.830 4.091 4.309
-0.576 -0.521 -0.447 -0.350 -0.223 -0.050 0.185 0.473 0.794 1.133 1.496 1.888 2.289 2.689 3.049 3.373 3.675 3.933 4.158
-0.636 -0.597 -0.538 -0.456 -0.341 -0.180 0.053 0.364 0.720 1.090 1.467 1.848 2.230 2.604 2.933 3.233 3.519 3.779 4.009
-0.671 -0.649 -0.609 -0.543 -0.442 -0.292 -0.066 0.251 0.630 1.024 1.414 1.792 2.161 2.510 2.815 3.098 3.370 3.635 3.864
-0.685 -0.675 -0.652 -0.608 -0.530 -0.399 -0.189 0.123 0.514 0.933 1.344 1.730 2.087 2.417 2.702 2.970 3.234 3.501 3.730
-0.690 -0.686 -0.674 -0.649 -0.594 -0.487 -0.299 -0.001 0.402 0.843 1.274 1.663 2.012 2.327 2.598 2.854 3.110 3.378 3.603
-0.693 -0.690 -0.683 -0.668 -0.633 -0.557 -0.399 -0.118 0.283 0.744 1.195 1.595 1.941 2.244 2.503 2.749 3.001 3.265 3.485
-0.693 -0.691 -0.686 -0.675 -0.653 -0.603 -0.486 -0.246 0.140 0.613 1.094 1.518 1.872 2.168 2.420 2.657 2.904 3.160 3.377
-0.695 -0.692 -0.687 -0.679 -0.661 -0.623 -0.535 -0.348 -0.001 0.473 0.979 1.435 1.800 2.099 2.347 2.577 2.821 3.068 3.278
-0.695 -0.693 -0.688 -0.680 -0.665 -0.634 -0.564 -0.417 -0.126 0.331 0.858 1.340 1.727 2.031 2.279 2.506 2.745 2.982 3.180
-0.695 -0.693 -0.689 -0.681 -0.667 -0.639 -0.580 -0.455 -0.211 0.203 0.732 1.237 1.646 1.961 2.214 2.441 2.676 2.904 3.087
-0.694 -0.693 -0.689 -0.682 -0.668 -0.642 -0.588 -0.479 -0.261 0.114 0.622 1.135 1.563 1.890 2.149 2.381 2.613 2.833 3.009
-0.695 -0.693 -0.689 -0.683 -0.671 -0.646 -0.595 -0.494 -0.298 0.044 0.524 1.038 1.481 1.821 2.089 2.326 2.558 2.765 2.932
-0.693 -0.691 -0.687 -0.681 -0.669 -0.646 -0.599 -0.505 -0.322 -0.001 0.453 0.954 1.404 1.758 2.035 2.279 2.508 2.697 2.853
-0.692 -0.689 -0.685 -0.677 -0.666 -0.643 -0.600 -0.510 -0.335 -0.026 0.411 0.901 1.349 1.708 1.993 2.240 2.460 2.626 2.789
-0.694 -0.689 -0.681 -0.669 -0.654 -0.631 -0.590 -0.512 -0.353 -0.068 0.330 0.794 1.242 1.620 1.921 2.168 2.349 2.495 2.679
-0.698 -0.696 -0.691 -0.679 -0.657 -0.623 -0.572 -0.492 -0.348 -0.096 0.270 0.715 1.162 1.544 1.835 2.057 2.199 2.335 2.552
-0.700 -0.699 -0.697 -0.693 -0.681 -0.654 -0.593 -0.488 -0.327 -0.085 0.255 0.677 1.099 1.449 1.710 1.890 2.016 2.182 2.413
-0.701 -0.700 -0.699 -0.697 -0.692 -0.678 -0.643 -0.554 -0.368 -0.084 0.262 0.653 1.017 1.305 1.525 1.685 1.822 2.025 2.274
-0.702 -0.701 -0.700 -0.699 -0.696 -0.688 -0.667 -0.610 -0.466 -0.184 0.194 0.565 0.874 1.113 1.304 1.466 1.638 1.872 2.130
-0.702 -0.702 -0.702 -0.701 -0.699 -0.693 -0.679 -0.639 -0.536 -0.317 0.029 0.388 0.677 0.899 1.078 1.252 1.463 1.723 1.991
-0.703 -0.703 -0.703 -0.703 -0.701 -0.698 -0.687 -0.659 -0.583 -0.420 -0.140 0.182 0.459 0.677 0.860 1.057 1.299 1.578 1.851
-0.705 -0.704 -0.704 -0.704 -0.703 -0.701 -0.694 -0.674 -0.622 -0.500 -0.283 -0.013 0.242 0.458 0.657 0.886 1.153 1.450 1.713
-0.706 -0.706 -0.706 -0.706 -0.705 -0.703 -0.697 -0.683 -0.645 -0.558 -0.396 -0.173 0.065 0.271 0.498 0.749 1.029 1.323 1.571
-0.708 -0.708 -0.708 -0.708 -0.707 -0.704 -0.698 -0.685 -0.656 -0.591 -0.469 -0.289 -0.084 0.136 0.386 0.639 0.922 1.199 1.433
-0.711 -0.711 -0.711 -0.710 -0.710 -0.708 -0.701 -0.686 -0.655 -0.597 -0.495 -0.345 -0.162 0.057 0.290 0.533 0.805 1.079 1.280
0.1000 0.0200
-0.947 -1.047 -1.144 -1.224 -1.262 -1.241 -1.151 -0.977 -0.713 -0.372 -0.011 0.313 0.559 0.736 0.877 1.003 1.137 1.280 1.450
-0.870 -0.875 -0.903 -0.959 -1.030 -1.079 -1.062 -0.937 -0.687 -0.330 0.083 0.505 0.871 1.156 1.363 1.521 1.657 1.789 1.925
-0.848 -0.843 -0.838 -0.833 -0.829 -0.824 -0.803 -0.730 -0.568 -0.290 0.097 0.536 0.973 1.360 1.667 1.897 2.070 2.217 2.356
-0.842 -0.827 -0.812 -0.795 -0.767 -0.709 -0.603 -0.457 -0.286 -0.077 0.197 0.553 0.981 1.425 1.821 2.137 2.354 2.534 2.692
-0.848 -0.834 -0.814 -0.786 -0.748 -0.683 -0.558 -0.354 -0.091 0.182 0.445 0.725 1.059 1.462 1.889 2.269 2.570 2.797 2.965
-0.843 -0.834 -0.817 -0.789 -0.745 -0.670 -0.539 -0.335 -0.049 0.296 0.643 0.960 1.261 1.587 1.961 2.351 2.712 2.982 3.194
-0.827 -0.821 -0.808 -0.786 -0.747 -0.678 -0.548 -0.339 -0.055 0.304 0.710 1.113 1.472 1.795 2.122 2.472 2.823 3.137 3.383
-0.779 -0.790 -0.786 -0.769 -0.734 -0.669 -0.550 -0.354 -0.067 0.303 0.733 1.178 1.613 2.004 2.339 2.657 2.979 3.291 3.575
-0.649 -0.682 -0.710 -0.719 -0.699 -0.643 -0.535 -0.355 -0.081 0.290 0.725 1.195 1.679 2.139 2.535 2.885 3.196 3.485 3.772
-0.607 -0.600 -0.597 -0.600 -0.597 -0.559 -0.468 -0.299 -0.037 0.321 0.760 1.237 1.734 2.223 2.676 3.083 3.427 3.726 3.993
-0.596 -0.584 -0.564 -0.531 -0.477 -0.408 -0.316 -0.177 0.045 0.370 0.787 1.261 1.766 2.276 2.772 3.225 3.622 3.952 4.222
-0.591 -0.574 -0.551 -0.514 -0.443 -0.317 -0.144 0.043 0.258 0.533 0.893 1.334 1.824 2.327 2.835 3.322 3.763 4.127 4.417
-0.595 -0.579 -0.554 -0.512 -0.439 -0.305 -0.089 0.201 0.506 0.790 1.095 1.467 1.902 2.380 2.879 3.386 3.853 4.248 4.562
-0.589 -0.575 -0.554 -0.518 -0.448 -0.318 -0.100 0.216 0.612 1.007 1.356 1.682 2.049 2.469 2.941 3.439 3.913 4.325 4.659
-0.588 -0.571 -0.549 -0.515 -0.456 -0.337 -0.133 0.172 0.568 1.027 1.486 1.885 2.238 2.602 3.026 3.492 3.957 4.375 4.721
-0.586 -0.572 -0.542 -0.514 -0.457 -0.353 -0.170 0.115 0.490 0.941 1.440 1.937 2.375 2.753 3.140 3.560 3.997 4.408 4.759
-0.588 -0.568 -0.545 -0.513 -0.458 -0.358 -0.188 0.076 0.430 0.856 1.337 1.858 2.377 2.838 3.241 3.635 4.041 4.437 4.784
-0.587 -0.570 -0.546 -0.511 -0.459 -0.365 -0.204 0.048 0.385 0.790 1.253 1.759 2.297 2.821 3.283 3.696 4.088 4.468 4.804
-0.576 -0.559 -0.537 -0.503 -0.450 -0.358 -0.206 0.031 0.358 0.752 1.198 1.696 2.229 2.766 3.273 3.725 4.128 4.501 4.822
-0.550 -0.534 -0.512 -0.480 -0.430 -0.344 -0.197 0.032 0.350 0.744 1.184 1.670 2.191 2.723 3.248 3.731 4.157 4.531 4.840
-0.495 -0.487 -0.472 -0.443 -0.394 -0.313 -0.177 0.042 0.357 0.751 1.191 1.668 2.188 2.708 3.239 3.737 4.179 4.553 4.845
-0.414 -0.401 -0.386 -0.364 -0.322 -0.244 -0.111 0.096 0.399 0.787 1.221 1.699 2.214 2.724 3.250 3.750 4.196 4.560 4.830
-0.334 -0.312 -0.290 -0.259 -0.214 -0.142 -0.017 0.174 0.445 0.808 1.245 1.728 2.228 2.751 3.274 3.766 4.198 4.540 4.784
-0.296 -0.252 -0.209 -0.160 -0.099 -0.011 0.120 0.301 0.552 0.890 1.304 1.776 2.266 2.783 3.293 3.764 4.169 4.481 4.698
-0.309 -0.254 -0.190 -0.116 -0.027 0.089 0.244 0.444 0.692 1.009 1.393 1.845 2.318 2.811 3.290 3.723 4.094 4.377 4.582
-0.374 -0.308 -0.233 -0.141 -0.027 0.117 0.303 0.528 0.788 1.088 1.460 1.892 2.346 2.810 3.246 3.634 3.974 4.238 4.444
-0.454 -0.387 -0.307 -0.210 -0.084 0.082 0.295 0.551 0.837 1.153 1.512 1.918 2.346 2.773 3.164 3.512 3.826 4.081 4.293
-0.536 -0.481 -0.408 -0.311 -0.186 -0.017 0.213 0.496 0.814 1.151 1.514 1.907 2.308 2.704 3.057 3.373 3.668 3.922 4.141
-0.595 -0.556 -0.498 -0.416 -0.302 -0.144 0.084 0.389 0.741 1.108 1.483 1.864 2.245 2.616 2.939 3.232 3.512 3.768 3.993
-0.630 -0.608 -0.567 -0.501 -0.402 -0.254 -0.033 0.278 0.651 1.042 1.430 1.807 2.175 2.521 2.821 3.097 3.365 3.625 3.848
-0.644 -0.634 -0.611 -0.567 -0.488 -0.359 -0.153 0.151 0.537 0.952 1.361 1.745 2.100 2.427 2.708 2.970 3.230 3.492 3.715
-0.649 -0.645 -0.633 -0.607 -0.552 -0.447 -0.262 0.030 0.428 0.864 1.292 1.678 2.026 2.338 2.604 2.855 3.108 3.370 3.590
-0.652 -0.649 -0.642 -0.626 -0.592 -0.516 -0.360 -0.084 0.311 0.769 1.216 1.612 1.956 2.255 2.510 2.751 2.999 3.258 3.474
-0.653 -0.650 -0.645 -0.634 -0.612 -0.562 -0.446 -0.210 0.172 0.642 1.119 1.537 1.887 2.180 2.427 2.660 2.904 3.154 3.368
-0.654 -0.651 -0.646 -0.638 -0.620 -0.582 -0.496 -0.310 0.034 0.505 1.009 1.458 1.818 2.112 2.355 2.581 2.821 3.062 3.272
-0.654 -0.652 -0.647 -0.639 -0.625 -0.594 -0.525 -0.379 -0.090 0.367 0.891 1.367 1.747 2.045 2.288 2.511 2.746 2.977 3.177
-0.654 -0.652 -0.648 -0.640 -0.626 -0.599 -0.541 -0.417 -0.174 0.239 0.767 1.266 1.668 1.976 2.224 2.447 2.677 2.901 3.087
-0.654 -0.652 -0.648 -0.641 -0.628 -0.601 -0.549 -0.441 -0.225 0.150 0.657 1.166 1.587 1.906 2.160 2.388 2.615 2.832 3.012
-0.654 -0.652 -0.649 -0.642 -0.630 -0.606 -0.555 -0.456 -0.262 0.079 0.559 1.070 1.506 1.839 2.101 2.334 2.561 2.766 2.938
-0.653 -0.650 -0.647 -0.640 -0.629 -0.605 -0.559 -0.466 -0.285 0.034 0.488 0.987 1.431 1.776 2.048 2.288 2.511 2.699 2.861
-0.651 -0.648 -0.644 -0.637 -0.625 -0.603 -0.560 -0.471 -0.298 0.009 0.446 0.934 1.376 1.728 2.007 2.249 2.464 2.629 2.799
-0.653 -0.648 -0.640 -0.628 -0.614 -0.590 -0.550 -0.473 -0.316 -0.032 0.364 0.827 1.270 1.642 1.936 2.177 2.354 2.503 2.692
-0.657 -0.655 -0.650 -0.638 -0.616 -0.582 -0.532 -0.452 -0.310 -0.060 0.303 0.748 1.190 1.566 1.850 2.066 2.205 2.345 2.566
-0.659 -0.658 -0.656 -0.652 -0.640 -0.612 -0.551 -0.447 -0.288 -0.049 0.289 0.708 1.126 1.470 1.724 1.899 2.024 2.194 2.428
-0.660 -0.659 -0.658 -0.656 -0.651 -0.637 -0.602 -0.512 -0.327 -0.047 0.295 0.682 1.041 1.323 1.537 1.696 1.833 2.039 2.290
-0.661 -0.660 -0.660 -0.658 -0.655 -0.647 -0.626 -0.568 -0.424 -0.144 0.229 0.593 0.896 1.129 1.317 1.478 1.651 1.887 2.146
-0.662 -0.661 -0.661 -0.660 -0.658 -0.653 -0.638 -0.598 -0.495 -0.277 0.065 0.417 0.699 0.915 1.092 1.267 1.478 1.740 2.008
-0.663 -0.662 -0.662 -0.662 -0.661 -0.657 -0.646 -0.618 -0.542 -0.381 -0.104 0.212 0.481 0.694 0.876 1.073 1.316 1.595 1.867
-0.664 -0.664 -0.664 -0.663 -0.662 -0.660 -0.653 -0.633 -0.581 -0.461 -0.247 0.018 0.266 0.479 0.676 0.904 1.172 1.468 1.729
-0.665 -0.665 -0.665 -0.665 -0.664 -0.662 -0.657 -0.642 -0.604 -0.518 -0.359 -0.140 0.091 0.294 0.520 0.769 1.048 1.341 1.586
-0.667 -0.667 -0.667 -0.667 -0.666 -0.663 -0.657 -0.644 -0.615 -0.551 -0.431 -0.256 -0.055 0.163 0.409 0.659 0.942 1.217 1.448
-0.670 -0.670 -0.670 -0.669 -0.669 -0.667 -0.660 -0.645 -0.615 -0.558 -0.458 -0.313 -0.132 0.083 0.313 0.553 0.825 1.096 1.291
0.2000 0.0200
-0.852 -0.919 -0.976 -1.005 -0.992 -0.926 -0.786 -0.557 -0.241 0.119 0.464 0.739 0.937 1.085 1.207 1.327 1.452 1.598 1.761
-0.778 -0.784 -0.805 -0.843 -0.879 -0.868 -0.766 -0.551 -0.227 0.171 0.598 0.990 1.306 1.538 1.706 1.839 1.962 2.084 2.221
-0.760 -0.755 -0.749 -0.741 -0.729 -0.702 -0.636 -0.485 -0.219 0.154 0.591 1.039 1.453 1.791 2.045 2.230 2.377 2.509 2.637
-0.753 -0.738 -0.724 -0.706 -0.675 -0.609 -0.487 -0.313 -0.091 0.199 0.571 1.009 1.469 1.893 2.242 2.494 2.681 2.838 2.974
-0.759 -0.744 -0.724 -0.696 -0.657 -0.586 -0.451 -0.236 0.043 0.346 0.665 1.032 1.463 1.914 2.330 2.670 2.925 3.109 3.263
-0.756 -0.745 -0.726 -0.697 -0.651 -0.572 -0.435 -0.224 0.070 0.427 0.794 1.153 1.521 1.936 2.368 2.771 3.088 3.325 3.518
-0.742 -0.734 -0.720 -0.695 -0.653 -0.579 -0.443 -0.229 0.061 0.429 0.845 1.265 1.655 2.034 2.440 2.846 3.212 3.501 3.740
-0.707 -0.711 -0.701 -0.680 -0.639 -0.569 -0.445 -0.243 0.052 0.429 0.868 1.322 1.772 2.189 2.569 2.956 3.333 3.665 3.944
-0.607 -0.630 -0.646 -0.642 -0.609 -0.543 -0.429 -0.243 0.040 0.420 0.864 1.342 1.835 2.308 2.728 3.125 3.487 3.829 4.137
-0.570 -0.562 -0.555 -0.550 -0.531 -0.475 -0.367 -0.187 0.086 0.455 0.906 1.389 1.894 2.393 2.861 3.297 3.676 4.019 4.314
-0.560 -0.547 -0.527 -0.492 -0.434 -0.355 -0.245 -0.086 0.159 0.503 0.937 1.423 1.939 2.457 2.964 3.434 3.854 4.210 4.508
-0.555 -0.538 -0.515 -0.478 -0.405 -0.277 -0.101 0.099 0.339 0.648 1.039 1.503 2.007 2.521 3.041 3.540 3.994 4.372 4.681
-0.559 -0.543 -0.517 -0.476 -0.403 -0.268 -0.051 0.240 0.555 0.864 1.210 1.622 2.086 2.582 3.097 3.615 4.090 4.492 4.814
-0.553 -0.540 -0.518 -0.482 -0.411 -0.280 -0.061 0.255 0.652 1.057 1.430 1.798 2.210 2.664 3.159 3.670 4.151 4.566 4.900
-0.552 -0.536 -0.514 -0.480 -0.419 -0.299 -0.094 0.213 0.610 1.072 1.539 1.961 2.353 2.765 3.224 3.711 4.185 4.602 4.944
-0.551 -0.536 -0.507 -0.479 -0.421 -0.316 -0.130 0.158 0.536 0.989 1.488 1.993 2.450 2.865 3.294 3.746 4.200 4.612 4.955
-0.552 -0.532 -0.509 -0.477 -0.422 -0.321 -0.149 0.118 0.476 0.905 1.388 1.909 2.432 2.911 3.345 3.774 4.205 4.607 4.947
-0.552 -0.534 -0.510 -0.476 -0.423 -0.329 -0.166 0.090 0.430 0.838 1.304 1.811 2.349 2.876 3.353 3.791 4.208 4.601 4.932
-0.541 -0.524 -0.502 -0.469 -0.414 -0.322 -0.168 0.072 0.402 0.799 1.248 1.748 2.281 2.817 3.328 3.792 4.213 4.598 4.917
-0.515 -0.500 -0.478 -0.446 -0.396 -0.309 -0.160 0.072 0.393 0.789 1.233 1.720 2.242 2.774 3.298 3.784 4.219 4.600 4.904
-0.463 -0.455 -0.440 -0.411 -0.361 -0.279 -0.141 0.081 0.399 0.795 1.238 1.717 2.237 2.758 3.288 3.784 4.228 4.602 4.885
-0.384 -0.371 -0.357 -0.334 -0.292 -0.213 -0.078 0.132 0.439 0.829 1.266 1.745 2.261 2.770 3.296 3.792 4.234 4.592 4.850
-0.305 -0.284 -0.262 -0.231 -0.186 -0.114 0.012 0.205 0.480 0.848 1.287 1.771 2.272 2.794 3.314 3.801 4.225 4.557 4.787
-0.267 -0.224 -0.181 -0.133 -0.073 0.014 0.145 0.327 0.582 0.925 1.343 1.816 2.305 2.821 3.325 3.788 4.183 4.483 4.689
-0.278 -0.224 -0.161 -0.089 -0.001 0.112 0.266 0.466 0.716 1.036 1.424 1.879 2.351 2.840 3.312 3.734 4.095 4.368 4.564
-0.341 -0.276 -0.202 -0.112 0.000 0.141 0.324 0.548 0.808 1.110 1.485 1.918 2.371 2.831 3.258 3.636 3.966 4.223 4.421
-0.419 -0.352 -0.273 -0.177 -0.054 0.109 0.318 0.570 0.854 1.170 1.531 1.937 2.364 2.787 3.170 3.508 3.814 4.063 4.270
-0.500 -0.445 -0.372 -0.276 -0.153 0.012 0.237 0.515 0.830 1.166 1.529 1.921 2.321 2.714 3.059 3.367 3.655 3.904 4.118
-0.558 -0.519 -0.461 -0.379 -0.267 -0.111 0.111 0.410 0.757 1.121 1.495 1.875 2.256 2.624 2.940 3.226 3.500 3.751 3.971
-0.593 -0.570 -0.530 -0.464 -0.365 -0.219 -0.003 0.300 0.668 1.055 1.441 1.817 2.184 2.528 2.822 3.091 3.354 3.609 3.827
-0.607 -0.596 -0.573 -0.529 -0.450 -0.322 -0.122 0.175 0.554 0.966 1.373 1.756 2.110 2.434 2.710 2.966 3.220 3.478 3.695
-0.612 -0.607 -0.595 -0.569 -0.515 -0.410 -0.228 0.057 0.448 0.880 1.306 1.690 2.036 2.345 2.606 2.852 3.100 3.357 3.572
-0.615 -0.612 -0.605 -0.589 -0.554 -0.479 -0.325 -0.054 0.335 0.788 1.232 1.625 1.966 2.263 2.513 2.749 2.993 3.246 3.458
-0.615 -0.613 -0.607 -0.597 -0.575 -0.524 -0.410 -0.178 0.199 0.665 1.139 1.553 1.899 2.188 2.431 2.659 2.899 3.143 3.355
-0.617 -0.614 -0.609 -0.600 -0.583 -0.545 -0.460 -0.276 0.064 0.533 1.033 1.477 1.832 2.121 2.359 2.582 2.817 3.053 3.263
-0.617 -0.614 -0.610 -0.601 -0.587 -0.557 -0.489 -0.345 -0.058 0.398 0.919 1.389 1.763 2.056 2.293 2.513 2.743 2.969 3.171
-0.617 -0.615 -0.610 -0.603 -0.589 -0.562 -0.505 -0.382 -0.142 0.271 0.798 1.292 1.686 1.988 2.230 2.450 2.676 2.895 3.084
-0.617 -0.615 -0.611 -0.604 -0.591 -0.564 -0.512 -0.406 -0.192 0.181 0.688 1.193 1.607 1.919 2.169 2.392 2.615 2.828 3.013
-0.617 -0.615 -0.611 -0.605 -0.593 -0.569 -0.519 -0.421 -0.229 0.110 0.589 1.098 1.528 1.853 2.110 2.339 2.561 2.764 2.942
-0.615 -0.613 -0.609 -0.603 -0.591 -0.568 -0.523 -0.431 -0.252 0.065 0.518 1.015 1.453 1.792 2.059 2.294 2.512 2.699 2.868
-0.614 -0.611 -0.606 -0.600 -0.588 -0.566 -0.524 -0.436 -0.264 0.041 0.476 0.962 1.399 1.744 2.018 2.256 2.466 2.632 2.808
-0.616 -0.610 -0.602 -0.591 -0.576 -0.554 -0.514 -0.437 -0.281 -0.001 0.394 0.855 1.295 1.660 1.949 2.183 2.357 2.510 2.702
-0.620 -0.618 -0.612 -0.600 -0.578 -0.544 -0.495 -0.416 -0.275 -0.028 0.334 0.777 1.215 1.585 1.862 2.073 2.210 2.355 2.578
-0.622 -0.621 -0.619 -0.614 -0.602 -0.574 -0.513 -0.410 -0.252 -0.016 0.318 0.736 1.150 1.488 1.736 1.906 2.032 2.205 2.442
-0.622 -0.622 -0.621 -0.619 -0.614 -0.599 -0.563 -0.473 -0.289 -0.013 0.324 0.707 1.063 1.339 1.548 1.704 1.843 2.051 2.304
-0.623 -0.623 -0.622 -0.621 -0.618 -0.610 -0.588 -0.530 -0.385 -0.108 0.260 0.618 0.915 1.143 1.329 1.489 1.662 1.900 2.160
-0.624 -0.624 -0.623 -0.623 -0.621 -0.615 -0.600 -0.560 -0.457 -0.241 0.097 0.443 0.718 0.929 1.104 1.280 1.491 1.754 2.022
-0.625 -0.625 -0.625 -0.625 -0.623 -0.619 -0.609 -0.580 -0.505 -0.345 -0.072 0.239 0.502 0.710 0.891 1.088 1.331 1.610 1.882
-0.627 -0.626 -0.626 -0.626 -0.625 -0.623 -0.615 -0.595 -0.543 -0.424 -0.214 0.046 0.288 0.497 0.694 0.921 1.188 1.483 1.742
-0.628 -0.628 -0.628 -0.627 -0.627 -0.625 -0.619 -0.604 -0.567 -0.482 -0.325 -0.111 0.115 0.316 0.539 0.786 1.065 1.357 1.599
-0.630 -0.630 -0.630 -0.629 -0.628 -0.626 -0.620 -0.607 -0.578 -0.515 -0.397 -0.226 -0.029 0.187 0.429 0.677 0.959 1.232 1.461
-0.633 -0.632 -0.632 -0.632 -0.631 -0.629 -0.623 -0.608 -0.578 -0.522 -0.425 -0.283 -0.104 0.107 0.333 0.572 0.842 1.110 1.301
0.3500 0.0200
-0.731 -0.766 -0.789 -0.784 -0.742 -0.643 -0.464 -0.194 0.150 0.512 0.832 1.068 1.234 1.363 1.475 1.591 1.713 1.859 2.020
-0.670 -0.674 -0.686 -0.702 -0.698 -0.632 -0.469 -0.198 0.168 0.585 1.006 1.366 1.641 1.836 1.977 2.095 2.211 2.330 2.466
-0.654 -0.649 -0.642 -0.630 -0.605 -0.549 -0.428 -0.203 0.132 0.552 1.005 1.445 1.830 2.125 2.340 2.497 2.628 2.749 2.872
-0.646 -0.632 -0.618 -0.599 -0.563 -0.485 -0.342 -0.132 0.149 0.513 0.946 1.415 1.871 2.264 2.571 2.783 2.948 3.088 3.213
-0.652 -0.637 -0.616 -0.588 -0.546 -0.467 -0.321 -0.092 0.210 0.554 0.938 1.375 1.848 2.300 2.691 2.993 3.211 3.372 3.517
-0.651 -0.639 -0.619 -0.588 -0.539 -0.455 -0.310 -0.089 0.216 0.589 0.986 1.398 1.830 2.294 2.740 3.121 3.403 3.616 3.793
-0.639 -0.630 -0.613 -0.585 -0.540 -0.461 -0.317 -0.096 0.202 0.581 1.012 1.457 1.887 2.325 2.780 3.201 3.554 3.819 4.039
-0.616 -0.612 -0.598 -0.572 -0.526 -0.451 -0.320 -0.109 0.194 0.582 1.032 1.498 1.967 2.418 2.850 3.285 3.679 4.001 4.262
-0.548 -0.559 -0.561 -0.543 -0.500 -0.426 -0.305 -0.110 0.184 0.577 1.032 1.518 2.023 2.511 2.965 3.407 3.807 4.165 4.461
-0.519 -0.509 -0.497 -0.480 -0.444 -0.369 -0.248 -0.056 0.230 0.613 1.076 1.567 2.082 2.591 3.079 3.546 3.959 4.327 4.628
-0.511 -0.498 -0.477 -0.440 -0.375 -0.282 -0.154 0.027 0.293 0.659 1.111 1.609 2.133 2.660 3.182 3.670 4.111 4.489 4.800
-0.506 -0.490 -0.467 -0.428 -0.354 -0.224 -0.041 0.174 0.442 0.785 1.206 1.690 2.207 2.731 3.264 3.774 4.238 4.629 4.949
-0.510 -0.494 -0.469 -0.427 -0.352 -0.216 -0.001 0.291 0.621 0.961 1.350 1.797 2.284 2.798 3.326 3.852 4.330 4.735 5.059
-0.505 -0.491 -0.470 -0.432 -0.361 -0.228 -0.009 0.305 0.704 1.123 1.527 1.939 2.391 2.872 3.386 3.904 4.384 4.793 5.120
-0.503 -0.487 -0.465 -0.431 -0.369 -0.247 -0.040 0.269 0.666 1.130 1.608 2.058 2.493 2.944 3.431 3.929 4.400 4.806 5.134
-0.503 -0.487 -0.459 -0.431 -0.372 -0.265 -0.076 0.215 0.597 1.053 1.553 2.065 2.546 2.997 3.460 3.931 4.385 4.785 5.111
-0.503 -0.484 -0.461 -0.429 -0.373 -0.270 -0.095 0.176 0.538 0.972 1.456 1.975 2.503 3.001 3.463 3.916 4.353 4.747 5.068
-0.503 -0.486 -0.462 -0.428 -0.374 -0.279 -0.113 0.147 0.491 0.904 1.373 1.881 2.416 2.946 3.436 3.894 4.321 4.708 5.022
-0.493 -0.477 -0.455 -0.421 -0.366 -0.273 -0.116 0.128 0.462 0.863 1.317 1.818 2.349 2.883 3.396 3.868 4.298 4.679 4.980
-0.469 -0.454 -0.432 -0.401 -0.349 -0.260 -0.109 0.127 0.452 0.851 1.298 1.788 2.310 2.840 3.361 3.848 4.284 4.659 4.943
-0.419 -0.411 -0.396 -0.367 -0.317 -0.233 -0.092 0.134 0.456 0.856 1.300 1.782 2.303 2.822 3.348 3.840 4.279 4.641 4.904
-0.343 -0.330 -0.316 -0.294 -0.251 -0.171 -0.033 0.181 0.493 0.886 1.325 1.807 2.323 2.830 3.352 3.841 4.272 4.613 4.848
-0.266 -0.246 -0.225 -0.194 -0.149 -0.077 0.051 0.248 0.528 0.901 1.343 1.828 2.329 2.849 3.361 3.837 4.247 4.557 4.766
-0.226 -0.185 -0.144 -0.097 -0.039 0.048 0.178 0.362 0.622 0.971 1.393 1.867 2.356 2.865 3.359 3.807 4.185 4.465 4.654
-0.236 -0.183 -0.122 -0.052 0.034 0.144 0.295 0.494 0.747 1.071 1.464 1.920 2.390 2.872 3.330 3.735 4.079 4.337 4.520
-0.296 -0.233 -0.160 -0.072 0.036 0.174 0.353 0.573 0.831 1.136 1.514 1.949 2.399 2.851 3.264 3.624 3.938 4.184 4.373
-0.370 -0.305 -0.228 -0.134 -0.013 0.144 0.347 0.593 0.873 1.189 1.550 1.957 2.382 2.797 3.167 3.490 3.782 4.022 4.221
-0.450 -0.396 -0.324 -0.229 -0.109 0.052 0.269 0.539 0.848 1.181 1.543 1.934 2.332 2.719 3.053 3.347 3.623 3.864 4.071
-0.507 -0.468 -0.411 -0.330 -0.219 -0.067 0.147 0.435 0.774 1.134 1.505 1.884 2.264 2.627 2.933 3.207 3.470 3.713 3.926
-0.542 -0.519 -0.478 -0.413 -0.315 -0.172 0.036 0.327 0.686 1.068 1.451 1.825 2.191 2.530 2.816 3.074 3.327 3.574 3.786
-0.556 -0.545 -0.521 -0.477 -0.400 -0.274 -0.080 0.205 0.573 0.979 1.383 1.764 2.117 2.438 2.706 2.951 3.197 3.446 3.657
-0.562 -0.556 -0.544 -0.518 -0.463 -0.360 -0.184 0.090 0.471 0.896 1.318 1.699 2.044 2.349 2.604 2.840 3.080 3.328 3.537
-0.564 -0.561 -0.554 -0.538 -0.503 -0.429 -0.278 -0.017 0.362 0.809 1.248 1.638 1.976 2.269 2.512 2.740 2.975 3.220 3.428
-0.565 -0.562 -0.557 -0.546 -0.524 -0.474 -0.363 -0.136 0.232 0.692 1.161 1.569 1.912 2.195 2.431 2.652 2.884 3.120 3.329
-0.566 -0.563 -0.558 -0.550 -0.533 -0.495 -0.411 -0.232 0.102 0.567 1.061 1.498 1.847 2.130 2.361 2.577 2.805 3.033 3.244
-0.566 -0.564 -0.559 -0.551 -0.537 -0.507 -0.441 -0.299 -0.016 0.436 0.953 1.415 1.781 2.067 2.297 2.510 2.733 2.952 3.157
-0.566 -0.564 -0.560 -0.552 -0.539 -0.512 -0.456 -0.336 -0.099 0.311 0.835 1.322 1.708 2.001 2.236 2.450 2.667 2.880 3.076
-0.566 -0.564 -0.560 -0.553 -0.540 -0.515 -0.464 -0.359 -0.149 0.222 0.727 1.226 1.631 1.934 2.177 2.394 2.608 2.817 3.012
-0.566 -0.564 -0.561 -0.555 -0.543 -0.519 -0.470 -0.374 -0.185 0.151 0.628 1.133 1.554 1.870 2.120 2.342 2.556 2.758 2.947
-0.565 -0.563 -0.559 -0.553 -0.541 -0.519 -0.474 -0.383 -0.207 0.106 0.556 1.051 1.482 1.811 2.070 2.298 2.509 2.696 2.877
-0.564 -0.560 -0.556 -0.549 -0.538 -0.517 -0.475 -0.388 -0.219 0.082 0.515 0.998 1.428 1.764 2.031 2.261 2.464 2.632 2.821
-0.565 -0.560 -0.551 -0.540 -0.526 -0.504 -0.465 -0.389 -0.236 0.041 0.433 0.892 1.325 1.682 1.963 2.190 2.360 2.518 2.716
-0.570 -0.567 -0.561 -0.549 -0.527 -0.494 -0.445 -0.367 -0.229 0.014 0.373 0.814 1.247 1.608 1.877 2.081 2.216 2.366 2.593
-0.571 -0.570 -0.568 -0.563 -0.551 -0.522 -0.462 -0.360 -0.205 0.027 0.358 0.772 1.180 1.511 1.750 1.914 2.042 2.218 2.460
-0.572 -0.571 -0.570 -0.568 -0.563 -0.548 -0.511 -0.421 -0.239 0.032 0.362 0.740 1.090 1.359 1.562 1.715 1.855 2.066 2.323
-0.573 -0.572 -0.572 -0.571 -0.567 -0.559 -0.537 -0.478 -0.333 -0.060 0.300 0.650 0.940 1.162 1.343 1.503 1.677 1.917 2.178
-0.574 -0.573 -0.573 -0.572 -0.570 -0.565 -0.550 -0.509 -0.406 -0.192 0.140 0.477 0.743 0.947 1.121 1.297 1.509 1.772 2.041
-0.575 -0.575 -0.574 -0.574 -0.573 -0.569 -0.558 -0.529 -0.454 -0.296 -0.028 0.275 0.529 0.730 0.911 1.107 1.351 1.629 1.902
-0.576 -0.576 -0.576 -0.575 -0.575 -0.572 -0.565 -0.544 -0.492 -0.376 -0.170 0.084 0.318 0.522 0.717 0.942 1.209 1.503 1.760
-0.577 -0.577 -0.577 -0.577 -0.576 -0.574 -0.569 -0.553 -0.517 -0.433 -0.279 -0.071 0.147 0.345 0.565 0.809 1.087 1.377 1.616
-0.579 -0.579 -0.579 -0.579 -0.578 -0.575 -0.569 -0.556 -0.528 -0.466 -0.351 -0.186 0.006 0.219 0.455 0.701 0.982 1.252 1.479
-0.582 -0.582 -0.582 -0.581 -0.581 -0.578 -0.572 -0.557 -0.528 -0.473 -0.380 -0.243 -0.067 0.139 0.360 0.596 0.865 1.129 1.313
0.5000 0.0200
-0.629 -0.647 -0.651 -0.632 -0.575 -0.453 -0.245 0.053 0.410 0.764 1.057 1.267 1.418 1.537 1.646 1.758 1.883 2.028 2.190
-0.584 -0.585 -0.591 -0.591 -0.559 -0.458 -0.258 0.047 0.434 0.859 1.265 1.598 1.845 2.017 2.146 2.259 2.370 2.490 2.626
-0.570 -0.564 -0.556 -0.541 -0.505 -0.425 -0.261 0.011 0.384 0.822 1.277 1.706 2.063 2.329 2.521 2.665 2.788 2.905 3.027
-0.560 -0.548 -0.534 -0.515 -0.473 -0.383 -0.222 0.019 0.346 0.752 1.213 1.688 2.129 2.496 2.770 2.964 3.117 3.249 3.372
-0.566 -0.551 -0.531 -0.503 -0.459 -0.372 -0.214 0.030 0.351 0.729 1.158 1.632 2.112 2.553 2.919 3.193 3.389 3.545 3.682
-0.566 -0.553 -0.533 -0.502 -0.451 -0.361 -0.208 0.022 0.340 0.727 1.150 1.600 2.072 2.551 2.989 3.342 3.603 3.804 3.971
-0.556 -0.546 -0.528 -0.499 -0.452 -0.366 -0.215 0.012 0.321 0.711 1.155 1.617 2.081 2.559 3.028 3.443 3.772 4.027 4.229
-0.539 -0.531 -0.514 -0.485 -0.438 -0.358 -0.220 0.000 0.313 0.712 1.168 1.646 2.131 2.607 3.078 3.529 3.913 4.223 4.462
-0.495 -0.496 -0.488 -0.461 -0.413 -0.334 -0.207 -0.003 0.304 0.708 1.170 1.665 2.178 2.678 3.163 3.629 4.042 4.394 4.665
-0.474 -0.462 -0.446 -0.419 -0.368 -0.283 -0.153 0.050 0.348 0.746 1.215 1.714 2.235 2.752 3.261 3.745 4.177 4.545 4.842
-0.467 -0.455 -0.433 -0.392 -0.322 -0.218 -0.077 0.120 0.404 0.789 1.252 1.759 2.289 2.825 3.356 3.857 4.310 4.694 5.005
-0.463 -0.446 -0.424 -0.385 -0.308 -0.176 0.010 0.240 0.532 0.901 1.343 1.841 2.364 2.899 3.440 3.957 4.424 4.818 5.137
-0.466 -0.450 -0.425 -0.384 -0.308 -0.171 0.044 0.337 0.676 1.046 1.467 1.937 2.439 2.965 3.505 4.031 4.506 4.906 5.224
-0.461 -0.448 -0.427 -0.389 -0.316 -0.182 0.037 0.351 0.749 1.178 1.608 2.055 2.530 3.031 3.556 4.073 4.545 4.944 5.256
-0.459 -0.444 -0.423 -0.389 -0.325 -0.201 0.009 0.318 0.716 1.180 1.665 2.137 2.602 3.080 3.581 4.078 4.538 4.930 5.237
-0.460 -0.443 -0.417 -0.388 -0.329 -0.220 -0.027 0.267 0.653 1.109 1.609 2.124 2.619 3.097 3.578 4.052 4.495 4.880 5.185
-0.459 -0.441 -0.419 -0.387 -0.330 -0.226 -0.047 0.229 0.595 1.031 1.516 2.034 2.562 3.069 3.547 4.007 4.438 4.815 5.116
-0.460 -0.443 -0.420 -0.386 -0.332 -0.235 -0.065 0.199 0.546 0.964 1.435 1.943 2.475 3.002 3.498 3.960 4.384 4.756 5.050
-0.450 -0.434 -0.413 -0.380 -0.325 -0.230 -0.070 0.179 0.517 0.921 1.378 1.881 2.409 2.939 3.448 3.920 4.346 4.711 4.992
-0.427 -0.412 -0.392 -0.361 -0.309 -0.218 -0.063 0.177 0.506 0.907 1.357 1.849 2.369 2.896 3.412 3.892 4.321 4.677 4.939
-0.380 -0.372 -0.357 -0.329 -0.279 -0.194 -0.048 0.183 0.509 0.909 1.355 1.841 2.359 2.878 3.397 3.880 4.305 4.644 4.884
-0.305 -0.294 -0.280 -0.258 -0.216 -0.135 0.005 0.225 0.542 0.936 1.377 1.861 2.373 2.880 3.394 3.872 4.285 4.599 4.813
-0.231 -0.211 -0.191 -0.161 -0.118 -0.045 0.084 0.284 0.571 0.948 1.392 1.876 2.376 2.891 3.393 3.853 4.241 4.525 4.716
-0.190 -0.151 -0.111 -0.065 -0.008 0.077 0.205 0.391 0.656 1.010 1.435 1.907 2.395 2.897 3.375 3.803 4.158 4.417 4.593
-0.199 -0.147 -0.087 -0.019 0.064 0.172 0.320 0.516 0.771 1.098 1.496 1.950 2.418 2.890 3.330 3.714 4.036 4.278 4.453
-0.256 -0.194 -0.123 -0.037 0.068 0.203 0.377 0.592 0.847 1.155 1.535 1.968 2.416 2.856 3.251 3.592 3.887 4.122 4.304
-0.327 -0.263 -0.187 -0.095 0.022 0.176 0.372 0.611 0.886 1.199 1.560 1.966 2.389 2.794 3.149 3.454 3.729 3.962 4.154
-0.406 -0.352 -0.281 -0.188 -0.070 0.087 0.296 0.557 0.858 1.187 1.547 1.936 2.333 2.711 3.033 3.313 3.573 3.807 4.007
-0.462 -0.423 -0.366 -0.286 -0.178 -0.030 0.177 0.455 0.784 1.138 1.506 1.883 2.263 2.618 2.914 3.175 3.425 3.660 3.866
-0.497 -0.473 -0.433 -0.368 -0.272 -0.132 0.069 0.349 0.696 1.071 1.450 1.824 2.189 2.523 2.800 3.046 3.288 3.524 3.731
-0.511 -0.499 -0.476 -0.432 -0.355 -0.232 -0.044 0.229 0.585 0.983 1.383 1.763 2.116 2.431 2.692 2.926 3.162 3.399 3.606
-0.517 -0.511 -0.499 -0.473 -0.419 -0.317 -0.146 0.120 0.487 0.904 1.320 1.700 2.045 2.345 2.592 2.818 3.050 3.285 3.491
-0.519 -0.516 -0.509 -0.493 -0.459 -0.386 -0.238 0.016 0.384 0.821 1.254 1.641 1.979 2.266 2.503 2.722 2.950 3.181 3.388
-0.520 -0.517 -0.511 -0.501 -0.480 -0.432 -0.322 -0.100 0.260 0.713 1.174 1.577 1.917 2.195 2.424 2.637 2.860 3.086 3.296
-0.521 -0.518 -0.513 -0.505 -0.489 -0.453 -0.371 -0.193 0.137 0.595 1.082 1.511 1.855 2.132 2.356 2.566 2.784 3.004 3.218
-0.521 -0.519 -0.514 -0.506 -0.493 -0.464 -0.401 -0.261 0.022 0.471 0.980 1.433 1.792 2.071 2.294 2.502 2.715 2.926 3.138
-0.521 -0.519 -0.515 -0.507 -0.494 -0.469 -0.415 -0.299 -0.061 0.350 0.867 1.345 1.722 2.007 2.236 2.444 2.652 2.858 3.064
-0.521 -0.519 -0.515 -0.508 -0.496 -0.471 -0.423 -0.321 -0.111 0.261 0.762 1.253 1.648 1.943 2.179 2.389 2.596 2.800 3.008
-0.521 -0.519 -0.516 -0.510 -0.498 -0.475 -0.428 -0.335 -0.147 0.189 0.664 1.162 1.573 1.881 2.124 2.340 2.546 2.744 2.949
-0.520 -0.517 -0.514 -0.508 -0.497 -0.475 -0.432 -0.344 -0.169 0.144 0.592 1.081 1.503 1.823 2.077 2.298 2.500 2.686 2.884
-0.518 -0.515 -0.511 -0.504 -0.493 -0.473 -0.432 -0.348 -0.180 0.121 0.551 1.029 1.450 1.778 2.038 2.262 2.456 2.627 2.831
-0.520 -0.514 -0.506 -0.495 -0.481 -0.460 -0.423 -0.348 -0.195 0.080 0.470 0.924 1.350 1.699 1.974 2.191 2.357 2.523 2.728
-0.524 -0.522 -0.516 -0.503 -0.482 -0.449 -0.402 -0.326 -0.188 0.053 0.411 0.848 1.274 1.626 1.889 2.082 2.217 2.378 2.606
-0.526 -0.525 -0.523 -0.518 -0.506 -0.477 -0.416 -0.316 -0.164 0.065 0.395 0.805 1.206 1.529 1.760 1.917 2.049 2.230 2.475
-0.527 -0.526 -0.525 -0.523 -0.518 -0.504 -0.467 -0.374 -0.193 0.071 0.398 0.770 1.112 1.375 1.572 1.720 1.867 2.079 2.338
-0.527 -0.527 -0.527 -0.525 -0.522 -0.514 -0.493 -0.433 -0.285 -0.014 0.337 0.678 0.960 1.177 1.354 1.513 1.692 1.930 2.193
-0.528 -0.528 -0.528 -0.527 -0.525 -0.520 -0.505 -0.465 -0.360 -0.144 0.181 0.507 0.763 0.962 1.134 1.311 1.525 1.787 2.057
-0.529 -0.529 -0.529 -0.529 -0.528 -0.524 -0.514 -0.485 -0.410 -0.250 0.014 0.306 0.551 0.747 0.927 1.124 1.369 1.645 1.920
-0.531 -0.530 -0.530 -0.530 -0.529 -0.527 -0.520 -0.500 -0.448 -0.330 -0.128 0.117 0.343 0.543 0.737 0.961 1.230 1.520 1.776
-0.532 -0.532 -0.532 -0.532 -0.531 -0.529 -0.524 -0.509 -0.472 -0.389 -0.237 -0.036 0.173 0.370 0.587 0.830 1.108 1.394 1.631
-0.534 -0.534 -0.534 -0.534 -0.533 -0.530 -0.524 -0.512 -0.484 -0.422 -0.310 -0.150 0.038 0.248 0.477 0.723 1.002 1.269 1.495
-0.537 -0.537 -0.536 -0.536 -0.535 -0.533 -0.527 -0.513 -0.484 -0.430 -0.340 -0.207 -0.034 0.167 0.383 0.619 0.888 1.145 1.324
0.7000 0.0200
-0.517 -0.520 -0.512 -0.482 -0.409 -0.265 -0.031 0.290 0.653 0.996 1.264 1.452 1.590 1.702 1.809 1.917 2.045 2.190 2.354
-0.490 -0.488 -0.484 -0.468 -0.411 -0.280 -0.049 0.283 0.686 1.115 1.503 1.812 2.033 2.187 2.306 2.414 2.523 2.644 2.781
-0.478 -0.472 -0.463 -0.442 -0.393 -0.283 -0.079 0.230 0.630 1.079 1.533 1.948 2.277 2.519 2.691 2.824 2.941 3.056 3.177
-0.468 -0.456 -0.443 -0.422 -0.374 -0.270 -0.085 0.190 0.557 0.994 1.471 1.945 2.368 2.711 2.958 3.135 3.279 3.404 3.526
-0.473 -0.458 -0.438 -0.410 -0.362 -0.267 -0.096 0.166 0.512 0.926 1.391 1.886 2.363 2.790 3.132 3.381 3.560 3.711 3.844
-0.474 -0.460 -0.439 -0.407 -0.354 -0.257 -0.097 0.145 0.478 0.883 1.339 1.821 2.317 2.800 3.224 3.552 3.793 3.984 4.143
-0.465 -0.454 -0.434 -0.404 -0.355 -0.262 -0.104 0.131 0.452 0.855 1.317 1.801 2.296 2.801 3.272 3.674 3.981 4.223 4.411
-0.454 -0.442 -0.422 -0.391 -0.341 -0.256 -0.110 0.120 0.444 0.856 1.321 1.812 2.317 2.819 3.316 3.769 4.138 4.433 4.653
-0.431 -0.423 -0.404 -0.370 -0.316 -0.233 -0.099 0.116 0.438 0.853 1.323 1.828 2.351 2.867 3.382 3.861 4.273 4.612 4.862
-0.421 -0.406 -0.383 -0.345 -0.281 -0.187 -0.048 0.167 0.479 0.893 1.368 1.877 2.403 2.932 3.462 3.961 4.402 4.760 5.047
-0.415 -0.402 -0.380 -0.335 -0.257 -0.142 0.013 0.226 0.530 0.933 1.408 1.925 2.460 3.006 3.547 4.060 4.520 4.899 5.201
-0.410 -0.395 -0.372 -0.332 -0.253 -0.119 0.071 0.318 0.637 1.031 1.494 2.004 2.534 3.080 3.627 4.149 4.616 5.005 5.312
-0.414 -0.398 -0.374 -0.332 -0.255 -0.119 0.093 0.386 0.741 1.144 1.597 2.088 2.604 3.141 3.687 4.210 4.676 5.065 5.365
-0.410 -0.397 -0.376 -0.338 -0.263 -0.128 0.089 0.399 0.796 1.238 1.699 2.179 2.675 3.191 3.720 4.228 4.684 5.063 5.352
-0.408 -0.393 -0.372 -0.338 -0.273 -0.147 0.065 0.373 0.770 1.232 1.724 2.219 2.710 3.208 3.713 4.200 4.638 5.007 5.288
-0.408 -0.391 -0.367 -0.337 -0.278 -0.166 0.031 0.328 0.716 1.172 1.669 2.184 2.691 3.186 3.673 4.137 4.559 4.920 5.199
-0.407 -0.390 -0.368 -0.336 -0.279 -0.173 0.010 0.291 0.662 1.100 1.584 2.097 2.620 3.129 3.611 4.064 4.475 4.828 5.103
-0.408 -0.393 -0.370 -0.337 -0.282 -0.182 -0.007 0.260 0.612 1.034 1.507 2.013 2.537 3.055 3.546 3.998 4.406 4.751 5.017
-0.399 -0.384 -0.364 -0.331 -0.275 -0.178 -0.014 0.240 0.581 0.989 1.450 1.953 2.475 2.995 3.493 3.950 4.356 4.690 4.942
-0.377 -0.363 -0.343 -0.314 -0.262 -0.169 -0.010 0.235 0.569 0.972 1.424 1.918 2.435 2.954 3.455 3.917 4.321 4.640 4.870
-0.333 -0.325 -0.311 -0.283 -0.235 -0.148 0.001 0.239 0.569 0.970 1.418 1.905 2.418 2.932 3.435 3.896 4.290 4.588 4.795
-0.261 -0.250 -0.237 -0.216 -0.174 -0.094 0.048 0.274 0.596 0.991 1.433 1.919 2.424 2.924 3.420 3.871 4.246 4.517 4.702
-0.188 -0.170 -0.150 -0.121 -0.080 -0.008 0.121 0.324 0.616 0.997 1.441 1.921 2.418 2.921 3.398 3.825 4.172 4.418 4.588
-0.147 -0.110 -0.071 -0.028 0.028 0.111 0.236 0.421 0.691 1.047 1.473 1.940 2.423 2.907 3.356 3.746 4.062 4.290 4.455
-0.154 -0.103 -0.046 0.020 0.100 0.204 0.347 0.538 0.791 1.118 1.518 1.966 2.427 2.882 3.290 3.636 3.923 4.143 4.313
-0.208 -0.148 -0.079 0.004 0.106 0.236 0.403 0.610 0.858 1.163 1.542 1.970 2.410 2.834 3.200 3.506 3.770 3.989 4.167
-0.276 -0.213 -0.139 -0.050 0.064 0.212 0.399 0.627 0.891 1.196 1.553 1.955 2.372 2.764 3.094 3.370 3.617 3.837 4.024
-0.353 -0.300 -0.229 -0.139 -0.024 0.127 0.326 0.574 0.861 1.180 1.533 1.917 2.311 2.679 2.981 3.235 3.470 3.691 3.885
-0.408 -0.370 -0.313 -0.235 -0.129 0.014 0.211 0.473 0.785 1.127 1.487 1.861 2.240 2.587 2.868 3.105 3.332 3.554 3.753
-0.443 -0.419 -0.379 -0.315 -0.220 -0.085 0.105 0.368 0.697 1.060 1.431 1.802 2.167 2.495 2.759 2.984 3.206 3.427 3.628
-0.457 -0.445 -0.422 -0.378 -0.302 -0.183 -0.005 0.250 0.585 0.971 1.365 1.744 2.098 2.408 2.657 2.873 3.091 3.310 3.514
-0.463 -0.457 -0.445 -0.419 -0.365 -0.267 -0.104 0.146 0.492 0.896 1.305 1.684 2.031 2.327 2.564 2.772 2.988 3.204 3.409
-0.465 -0.462 -0.455 -0.439 -0.406 -0.335 -0.193 0.048 0.399 0.821 1.246 1.631 1.970 2.253 2.479 2.682 2.895 3.107 3.317
-0.466 -0.463 -0.458 -0.448 -0.428 -0.381 -0.276 -0.062 0.284 0.725 1.175 1.574 1.913 2.186 2.404 2.604 2.812 3.021 3.237
-0.467 -0.464 -0.459 -0.451 -0.436 -0.402 -0.325 -0.152 0.170 0.619 1.095 1.516 1.856 2.126 2.341 2.538 2.741 2.949 3.172
-0.467 -0.465 -0.460 -0.453 -0.440 -0.413 -0.354 -0.219 0.062 0.505 1.003 1.447 1.798 2.069 2.283 2.479 2.677 2.879 3.105
-0.467 -0.465 -0.461 -0.454 -0.441 -0.418 -0.367 -0.256 -0.021 0.390 0.898 1.366 1.732 2.009 2.228 2.425 2.620 2.819 3.043
-0.467 -0.465 -0.462 -0.455 -0.443 -0.419 -0.374 -0.277 -0.070 0.302 0.797 1.279 1.663 1.948 2.174 2.375 2.568 2.770 2.999
-0.467 -0.465 -0.462 -0.456 -0.445 -0.423 -0.379 -0.290 -0.106 0.230 0.702 1.192 1.591 1.889 2.123 2.329 2.523 2.723 2.949
-0.466 -0.464 -0.460 -0.454 -0.444 -0.423 -0.382 -0.298 -0.126 0.185 0.631 1.113 1.523 1.833 2.078 2.289 2.481 2.671 2.891
-0.464 -0.461 -0.457 -0.451 -0.440 -0.421 -0.382 -0.301 -0.136 0.162 0.591 1.062 1.473 1.790 2.042 2.255 2.440 2.620 2.843
-0.466 -0.460 -0.452 -0.441 -0.428 -0.407 -0.372 -0.300 -0.148 0.122 0.510 0.960 1.376 1.715 1.981 2.186 2.352 2.527 2.741
-0.471 -0.468 -0.462 -0.449 -0.427 -0.395 -0.350 -0.277 -0.141 0.097 0.453 0.884 1.302 1.644 1.899 2.080 2.217 2.389 2.619
-0.472 -0.471 -0.469 -0.464 -0.452 -0.422 -0.362 -0.264 -0.116 0.109 0.437 0.842 1.235 1.548 1.769 1.919 2.056 2.242 2.490
-0.473 -0.472 -0.471 -0.470 -0.464 -0.451 -0.413 -0.319 -0.140 0.116 0.439 0.804 1.137 1.393 1.582 1.725 1.879 2.092 2.355
-0.474 -0.473 -0.473 -0.472 -0.469 -0.461 -0.440 -0.380 -0.230 0.038 0.379 0.709 0.983 1.194 1.367 1.523 1.707 1.945 2.210
-0.474 -0.474 -0.474 -0.473 -0.471 -0.467 -0.453 -0.412 -0.307 -0.089 0.227 0.540 0.787 0.979 1.149 1.326 1.543 1.803 2.076
-0.476 -0.475 -0.475 -0.475 -0.474 -0.470 -0.460 -0.432 -0.358 -0.196 0.062 0.343 0.576 0.767 0.944 1.143 1.388 1.663 1.940
-0.477 -0.477 -0.477 -0.476 -0.476 -0.473 -0.467 -0.447 -0.396 -0.278 -0.080 0.155 0.373 0.567 0.758 0.982 1.252 1.538 1.794
-0.478 -0.478 -0.478 -0.478 -0.477 -0.475 -0.470 -0.456 -0.420 -0.336 -0.188 0.006 0.205 0.399 0.611 0.852 1.132 1.413 1.649
-0.480 -0.480 -0.480 -0.480 -0.479 -0.476 -0.471 -0.459 -0.432 -0.371 -0.261 -0.108 0.075 0.280 0.502 0.748 1.025 1.288 1.515
-0.483 -0.483 -0.483 -0.482 -0.482 -0.479 -0.473 -0.459 -0.432 -0.379 -0.293 -0.164 0.005 0.199 0.409 0.644 0.913 1.163 1.337
0.8000 0.0200
-0.469 -0.467 -0.455 -0.421 -0.341 -0.188 0.056 0.384 0.749 1.087 1.345 1.525 1.658 1.767 1.873 1.981 2.110 2.255 2.420
-0.449 -0.446 -0.438 -0.414 -0.348 -0.206 0.037 0.379 0.787 1.215 1.596 1.895 2.107 2.254 2.369 2.476 2.585 2.706 2.843
-0.438 -0.433 -0.422 -0.399 -0.343 -0.221 -0.002 0.321 0.729 1.182 1.634 2.043 2.361 2.593 2.758 2.887 3.003 3.116 3.239
-0.428 -0.417 -0.404 -0.382 -0.330 -0.220 -0.025 0.265 0.647 1.093 1.575 2.046 2.462 2.795 3.032 3.203 3.344 3.467 3.589
-0.433 -0.418 -0.398 -0.370 -0.320 -0.221 -0.044 0.225 0.583 1.012 1.489 1.989 2.462 2.884 3.216 3.456 3.629 3.778 3.910
-0.435 -0.420 -0.399 -0.366 -0.312 -0.212 -0.048 0.198 0.538 0.953 1.423 1.916 2.418 2.900 3.317 3.635 3.869 4.056 4.212
-0.426 -0.414 -0.394 -0.364 -0.313 -0.217 -0.055 0.183 0.509 0.919 1.389 1.883 2.390 2.901 3.371 3.765 4.064 4.300 4.483
-0.416 -0.404 -0.383 -0.350 -0.299 -0.211 -0.062 0.173 0.502 0.919 1.388 1.885 2.399 2.911 3.416 3.867 4.227 4.516 4.729
-0.402 -0.389 -0.367 -0.330 -0.275 -0.190 -0.052 0.168 0.497 0.917 1.390 1.900 2.427 2.951 3.476 3.957 4.367 4.698 4.941
-0.396 -0.380 -0.355 -0.311 -0.242 -0.144 -0.002 0.218 0.537 0.957 1.435 1.947 2.477 3.011 3.549 4.052 4.493 4.847 5.128
-0.391 -0.378 -0.355 -0.309 -0.228 -0.108 0.053 0.273 0.585 0.996 1.476 1.996 2.533 3.084 3.629 4.145 4.606 4.981 5.277
-0.387 -0.371 -0.349 -0.308 -0.229 -0.095 0.098 0.353 0.683 1.088 1.559 2.074 2.606 3.156 3.705 4.227 4.691 5.076 5.374
-0.390 -0.374 -0.350 -0.308 -0.231 -0.095 0.113 0.406 0.769 1.187 1.652 2.151 2.672 3.212 3.758 4.276 4.735 5.115 5.404
-0.386 -0.373 -0.352 -0.314 -0.239 -0.103 0.111 0.418 0.813 1.261 1.735 2.227 2.730 3.250 3.777 4.276 4.720 5.087 5.364
-0.384 -0.369 -0.348 -0.314 -0.249 -0.122 0.090 0.396 0.791 1.251 1.745 2.248 2.747 3.250 3.752 4.227 4.651 5.007 5.276
-0.385 -0.367 -0.344 -0.314 -0.254 -0.141 0.057 0.354 0.743 1.198 1.692 2.205 2.713 3.210 3.694 4.147 4.556 4.902 5.170
-0.384 -0.367 -0.346 -0.313 -0.255 -0.149 0.036 0.319 0.691 1.130 1.613 2.123 2.641 3.145 3.622 4.065 4.462 4.800 5.062
-0.385 -0.369 -0.347 -0.314 -0.259 -0.158 0.018 0.287 0.641 1.065 1.538 2.042 2.561 3.072 3.554 3.995 4.386 4.714 4.965
-0.375 -0.361 -0.341 -0.309 -0.253 -0.156 0.010 0.267 0.610 1.019 1.482 1.983 2.501 3.014 3.501 3.944 4.331 4.644 4.879
-0.354 -0.340 -0.321 -0.292 -0.241 -0.147 0.013 0.261 0.596 0.999 1.453 1.946 2.460 2.973 3.463 3.907 4.288 4.582 4.796
-0.312 -0.304 -0.289 -0.262 -0.215 -0.129 0.023 0.262 0.593 0.995 1.442 1.929 2.439 2.947 3.436 3.877 4.244 4.515 4.707
-0.241 -0.230 -0.217 -0.197 -0.155 -0.076 0.066 0.294 0.617 1.011 1.452 1.937 2.437 2.931 3.410 3.836 4.182 4.428 4.602
-0.169 -0.151 -0.131 -0.103 -0.063 0.008 0.136 0.338 0.632 1.013 1.455 1.931 2.425 2.917 3.373 3.772 4.090 4.316 4.480
-0.127 -0.091 -0.053 -0.010 0.044 0.126 0.248 0.432 0.701 1.056 1.480 1.942 2.420 2.892 3.318 3.678 3.967 4.181 4.346
-0.133 -0.083 -0.027 0.037 0.116 0.218 0.358 0.545 0.794 1.118 1.516 1.958 2.413 2.857 3.244 3.562 3.825 4.035 4.206
-0.186 -0.127 -0.059 0.023 0.123 0.251 0.414 0.615 0.857 1.158 1.532 1.954 2.389 2.804 3.152 3.434 3.676 3.887 4.066
-0.253 -0.191 -0.117 -0.029 0.083 0.228 0.411 0.632 0.888 1.186 1.536 1.934 2.347 2.732 3.048 3.304 3.531 3.743 3.930
-0.329 -0.277 -0.206 -0.117 -0.004 0.144 0.338 0.578 0.856 1.167 1.514 1.893 2.285 2.648 2.940 3.176 3.394 3.607 3.800
-0.384 -0.345 -0.289 -0.211 -0.106 0.033 0.224 0.477 0.780 1.112 1.465 1.836 2.215 2.560 2.832 3.054 3.266 3.479 3.676
-0.418 -0.394 -0.354 -0.290 -0.196 -0.064 0.120 0.373 0.691 1.045 1.410 1.779 2.144 2.471 2.729 2.940 3.148 3.360 3.558
-0.433 -0.421 -0.397 -0.353 -0.278 -0.160 0.012 0.256 0.578 0.955 1.345 1.722 2.078 2.388 2.631 2.835 3.041 3.250 3.452
-0.438 -0.433 -0.420 -0.394 -0.341 -0.244 -0.086 0.155 0.487 0.882 1.287 1.665 2.014 2.311 2.542 2.739 2.944 3.149 3.356
-0.441 -0.437 -0.430 -0.415 -0.382 -0.312 -0.174 0.059 0.399 0.812 1.232 1.616 1.957 2.240 2.461 2.654 2.857 3.058 3.272
-0.441 -0.438 -0.433 -0.423 -0.403 -0.358 -0.255 -0.047 0.290 0.723 1.167 1.565 1.904 2.176 2.389 2.580 2.779 2.978 3.200
-0.442 -0.439 -0.435 -0.427 -0.412 -0.379 -0.304 -0.135 0.182 0.624 1.095 1.512 1.851 2.119 2.328 2.518 2.712 2.913 3.145
-0.443 -0.440 -0.436 -0.428 -0.416 -0.390 -0.332 -0.201 0.077 0.515 1.009 1.448 1.797 2.064 2.273 2.463 2.651 2.849 3.085
-0.443 -0.440 -0.436 -0.429 -0.417 -0.394 -0.345 -0.238 -0.004 0.404 0.909 1.371 1.734 2.007 2.220 2.412 2.597 2.794 3.031
-0.443 -0.441 -0.437 -0.430 -0.418 -0.396 -0.352 -0.257 -0.053 0.318 0.810 1.288 1.667 1.948 2.169 2.363 2.549 2.753 2.993
-0.442 -0.441 -0.438 -0.432 -0.421 -0.399 -0.356 -0.270 -0.088 0.246 0.717 1.203 1.597 1.890 2.120 2.319 2.507 2.710 2.948
-0.441 -0.439 -0.435 -0.430 -0.419 -0.399 -0.359 -0.277 -0.108 0.201 0.646 1.126 1.531 1.836 2.077 2.281 2.468 2.662 2.894
-0.440 -0.437 -0.432 -0.426 -0.416 -0.397 -0.359 -0.280 -0.117 0.180 0.606 1.075 1.481 1.794 2.042 2.249 2.429 2.617 2.847
-0.441 -0.435 -0.427 -0.417 -0.403 -0.383 -0.349 -0.278 -0.128 0.140 0.527 0.974 1.387 1.720 1.983 2.182 2.348 2.528 2.746
-0.446 -0.443 -0.437 -0.424 -0.403 -0.371 -0.326 -0.254 -0.120 0.116 0.470 0.899 1.314 1.651 1.902 2.079 2.217 2.394 2.624
-0.447 -0.446 -0.445 -0.440 -0.427 -0.397 -0.338 -0.240 -0.094 0.128 0.455 0.858 1.246 1.555 1.772 1.919 2.059 2.247 2.496
-0.448 -0.447 -0.446 -0.445 -0.440 -0.426 -0.388 -0.294 -0.117 0.136 0.456 0.819 1.147 1.400 1.586 1.727 1.884 2.098 2.362
-0.449 -0.449 -0.448 -0.447 -0.444 -0.437 -0.416 -0.355 -0.205 0.061 0.397 0.723 0.993 1.201 1.372 1.527 1.713 1.951 2.217
-0.450 -0.450 -0.449 -0.449 -0.447 -0.442 -0.428 -0.388 -0.283 -0.065 0.248 0.555 0.797 0.987 1.156 1.332 1.550 1.809 2.084
-0.451 -0.451 -0.451 -0.450 -0.449 -0.446 -0.436 -0.408 -0.334 -0.172 0.084 0.359 0.588 0.776 0.952 1.150 1.396 1.670 1.950
-0.452 -0.452 -0.452 -0.452 -0.451 -0.449 -0.442 -0.423 -0.372 -0.254 -0.058 0.172 0.386 0.577 0.768 0.991 1.262 1.546 1.803
-0.454 -0.454 -0.454 -0.453 -0.453 -0.451 -0.446 -0.432 -0.396 -0.313 -0.166 0.025 0.220 0.412 0.622 0.862 1.142 1.421 1.657
-0.456 -0.456 -0.456 -0.455 -0.454 -0.452 -0.446 -0.435 -0.408 -0.347 -0.239 -0.089 0.092 0.295 0.513 0.759 1.034 1.297 1.524
-0.458 -0.458 -0.458 -0.458 -0.457 -0.455 -0.449 -0.435 -0.408 -0.356 -0.271 -0.145 0.022 0.213 0.420 0.655 0.924 1.171 1.343
0.9000 0.0200
-0.425 -0.419 -0.404 -0.366 -0.280 -0.119 0.133 0.468 0.833 1.165 1.416 1.589 1.718 1.825 1.930 2.038 2.168 2.313 2.478
-0.412 -0.407 -0.395 -0.366 -0.291 -0.139 0.114 0.464 0.876 1.303 1.677 1.968 2.172 2.313 2.425 2.531 2.640 2.761 2.899
-0.402 -0.396 -0.385 -0.359 -0.297 -0.164 0.068 0.402 0.818 1.273 1.723 2.126 2.434 2.658 2.818 2.944 3.057 3.170 3.293
-0.392 -0.380 -0.367 -0.344 -0.290 -0.173 0.031 0.334 0.728 1.182 1.667 2.136 2.545 2.868 3.097 3.264 3.401 3.523 3.645
-0.397 -0.381 -0.361 -0.333 -0.281 -0.178 0.004 0.281 0.649 1.091 1.577 2.080 2.551 2.966 3.290 3.521 3.690 3.837 3.968
-0.398 -0.384 -0.362 -0.329 -0.273 -0.170 -0.003 0.248 0.594 1.018 1.500 2.002 2.509 2.989 3.398 3.708 3.936 4.120 4.273
-0.390 -0.378 -0.357 -0.326 -0.274 -0.176 -0.011 0.231 0.562 0.978 1.456 1.959 2.475 2.991 3.458 3.846 4.138 4.369 4.548
-0.382 -0.368 -0.346 -0.312 -0.260 -0.170 -0.018 0.221 0.555 0.978 1.450 1.953 2.475 2.996 3.505 3.953 4.306 4.589 4.796
-0.374 -0.358 -0.333 -0.294 -0.236 -0.149 -0.009 0.216 0.551 0.975 1.452 1.966 2.497 3.028 3.561 4.044 4.449 4.774 5.011
-0.373 -0.356 -0.327 -0.280 -0.207 -0.106 0.040 0.265 0.590 1.016 1.497 2.013 2.545 3.084 3.629 4.135 4.575 4.922 5.198
-0.369 -0.356 -0.332 -0.284 -0.201 -0.077 0.089 0.315 0.635 1.053 1.538 2.061 2.601 3.155 3.703 4.221 4.680 5.050 5.340
-0.364 -0.349 -0.326 -0.285 -0.205 -0.072 0.121 0.384 0.725 1.139 1.617 2.136 2.670 3.223 3.772 4.291 4.750 5.128 5.418
-0.367 -0.352 -0.327 -0.286 -0.208 -0.074 0.131 0.422 0.792 1.223 1.699 2.204 2.728 3.270 3.813 4.321 4.769 5.137 5.417
-0.364 -0.351 -0.330 -0.291 -0.216 -0.080 0.132 0.434 0.826 1.278 1.762 2.263 2.769 3.291 3.811 4.296 4.724 5.077 5.344
-0.362 -0.347 -0.326 -0.292 -0.226 -0.098 0.113 0.417 0.809 1.266 1.759 2.266 2.767 3.271 3.765 4.224 4.630 4.970 5.229
-0.362 -0.345 -0.323 -0.292 -0.232 -0.118 0.081 0.378 0.767 1.221 1.711 2.219 2.723 3.218 3.692 4.130 4.519 4.847 5.104
-0.361 -0.345 -0.324 -0.292 -0.233 -0.126 0.061 0.345 0.718 1.157 1.638 2.142 2.653 3.149 3.615 4.040 4.416 4.732 4.980
-0.362 -0.347 -0.326 -0.293 -0.238 -0.136 0.042 0.312 0.668 1.092 1.565 2.066 2.578 3.078 3.546 3.965 4.331 4.632 4.868
-0.353 -0.339 -0.320 -0.288 -0.233 -0.135 0.032 0.291 0.635 1.045 1.508 2.007 2.519 3.022 3.492 3.908 4.262 4.544 4.764
-0.333 -0.319 -0.301 -0.272 -0.221 -0.128 0.033 0.282 0.618 1.020 1.474 1.966 2.475 2.977 3.447 3.860 4.201 4.461 4.660
-0.291 -0.284 -0.269 -0.243 -0.197 -0.111 0.040 0.280 0.611 1.011 1.456 1.942 2.447 2.942 3.407 3.810 4.132 4.370 4.553
-0.221 -0.211 -0.199 -0.178 -0.138 -0.060 0.081 0.308 0.630 1.020 1.457 1.940 2.433 2.912 3.362 3.745 4.044 4.263 4.437
-0.151 -0.134 -0.114 -0.086 -0.047 0.023 0.148 0.348 0.639 1.016 1.452 1.922 2.409 2.884 3.308 3.659 3.934 4.140 4.312
-0.109 -0.073 -0.035 0.006 0.060 0.139 0.259 0.439 0.703 1.052 1.468 1.921 2.390 2.846 3.240 3.556 3.806 4.006 4.182
-0.114 -0.065 -0.009 0.054 0.131 0.231 0.367 0.548 0.789 1.105 1.495 1.927 2.372 2.804 3.164 3.442 3.671 3.870 4.053
-0.165 -0.107 -0.040 0.041 0.140 0.265 0.423 0.618 0.850 1.141 1.505 1.917 2.344 2.748 3.076 3.325 3.538 3.738 3.926
-0.231 -0.169 -0.097 -0.009 0.101 0.242 0.421 0.634 0.880 1.166 1.504 1.894 2.301 2.679 2.980 3.208 3.410 3.612 3.804
-0.306 -0.254 -0.184 -0.095 0.016 0.161 0.349 0.580 0.847 1.146 1.481 1.851 2.241 2.601 2.881 3.095 3.289 3.493 3.687
-0.360 -0.322 -0.266 -0.188 -0.085 0.051 0.236 0.479 0.769 1.090 1.432 1.796 2.174 2.518 2.783 2.986 3.177 3.380 3.575
-0.395 -0.371 -0.331 -0.267 -0.174 -0.044 0.134 0.375 0.679 1.022 1.378 1.742 2.107 2.435 2.687 2.883 3.073 3.273 3.470
-0.409 -0.397 -0.374 -0.330 -0.255 -0.139 0.027 0.258 0.565 0.930 1.314 1.688 2.045 2.358 2.597 2.787 2.977 3.173 3.376
-0.415 -0.409 -0.397 -0.371 -0.318 -0.222 -0.070 0.160 0.477 0.860 1.257 1.634 1.988 2.287 2.514 2.698 2.889 3.080 3.291
-0.417 -0.414 -0.407 -0.391 -0.359 -0.290 -0.156 0.068 0.394 0.795 1.208 1.591 1.936 2.221 2.438 2.619 2.810 2.997 3.218
-0.418 -0.415 -0.410 -0.400 -0.380 -0.336 -0.236 -0.035 0.291 0.714 1.152 1.548 1.890 2.162 2.370 2.551 2.738 2.925 3.157
-0.419 -0.416 -0.412 -0.404 -0.389 -0.357 -0.284 -0.120 0.189 0.623 1.088 1.502 1.842 2.109 2.312 2.494 2.676 2.870 3.113
-0.419 -0.417 -0.412 -0.405 -0.393 -0.367 -0.312 -0.185 0.089 0.522 1.010 1.445 1.792 2.056 2.260 2.442 2.619 2.814 3.063
-0.419 -0.417 -0.413 -0.406 -0.394 -0.372 -0.325 -0.221 0.009 0.415 0.915 1.374 1.733 2.002 2.210 2.394 2.569 2.767 3.017
-0.419 -0.418 -0.414 -0.407 -0.395 -0.373 -0.331 -0.239 -0.038 0.331 0.820 1.294 1.669 1.945 2.162 2.349 2.525 2.733 2.986
-0.419 -0.417 -0.414 -0.409 -0.398 -0.377 -0.335 -0.251 -0.073 0.260 0.729 1.212 1.601 1.889 2.115 2.307 2.488 2.697 2.947
-0.418 -0.416 -0.412 -0.407 -0.396 -0.376 -0.337 -0.257 -0.091 0.216 0.659 1.136 1.536 1.837 2.073 2.271 2.453 2.654 2.897
-0.416 -0.413 -0.409 -0.403 -0.393 -0.375 -0.337 -0.260 -0.099 0.195 0.620 1.087 1.488 1.796 2.039 2.240 2.417 2.612 2.852
-0.418 -0.412 -0.404 -0.394 -0.380 -0.361 -0.327 -0.257 -0.109 0.157 0.542 0.987 1.395 1.725 1.982 2.176 2.344 2.529 2.751
-0.423 -0.420 -0.414 -0.401 -0.379 -0.348 -0.304 -0.233 -0.101 0.133 0.486 0.913 1.324 1.656 1.903 2.076 2.217 2.397 2.629
-0.424 -0.423 -0.421 -0.416 -0.404 -0.374 -0.314 -0.218 -0.074 0.145 0.471 0.871 1.257 1.562 1.775 1.920 2.061 2.252 2.501
-0.425 -0.424 -0.423 -0.422 -0.417 -0.403 -0.365 -0.270 -0.094 0.154 0.472 0.832 1.157 1.407 1.590 1.730 1.888 2.103 2.369
-0.426 -0.425 -0.425 -0.424 -0.421 -0.414 -0.393 -0.332 -0.182 0.083 0.414 0.736 1.002 1.208 1.377 1.531 1.719 1.956 2.223
-0.427 -0.426 -0.426 -0.425 -0.424 -0.419 -0.405 -0.365 -0.260 -0.042 0.267 0.569 0.806 0.994 1.163 1.338 1.556 1.815 2.092
-0.428 -0.428 -0.427 -0.427 -0.426 -0.423 -0.413 -0.385 -0.312 -0.150 0.104 0.374 0.598 0.784 0.959 1.157 1.402 1.677 1.958
-0.429 -0.429 -0.429 -0.429 -0.428 -0.425 -0.419 -0.400 -0.349 -0.232 -0.037 0.189 0.399 0.588 0.777 0.999 1.270 1.553 1.811
-0.430 -0.430 -0.430 -0.430 -0.429 -0.428 -0.423 -0.409 -0.373 -0.291 -0.146 0.042 0.234 0.424 0.631 0.871 1.150 1.429 1.665
-0.432 -0.432 -0.432 -0.432 -0.431 -0.428 -0.423 -0.412 -0.385 -0.325 -0.219 -0.071 0.108 0.308 0.523 0.769 1.043 1.305 1.533
-0.435 -0.435 -0.435 -0.434 -0.434 -0.432 -0.425 -0.412 -0.385 -0.334 -0.251 -0.126 0.039 0.227 0.431 0.665 0.934 1.178 1.349
0.9500 0.0200
-0.404 -0.397 -0.380 -0.340 -0.252 -0.088 0.169 0.507 0.872 1.201 1.448 1.618 1.745 1.852 1.957 2.064 2.194 2.339 2.505
-0.395 -0.389 -0.375 -0.343 -0.265 -0.108 0.149 0.503 0.917 1.343 1.715 2.001 2.201 2.340 2.451 2.557 2.665 2.787 2.924
-0.385 -0.379 -0.368 -0.340 -0.275 -0.137 0.101 0.439 0.858 1.314 1.763 2.163 2.468 2.688 2.845 2.969 3.082 3.195 3.318
-0.375 -0.364 -0.350 -0.327 -0.271 -0.152 0.058 0.367 0.767 1.223 1.709 2.176 2.583 2.902 3.127 3.291 3.428 3.548 3.670
-0.380 -0.364 -0.344 -0.315 -0.263 -0.158 0.027 0.307 0.681 1.128 1.619 2.122 2.591 3.004 3.323 3.551 3.718 3.864 3.995
-0.381 -0.366 -0.345 -0.311 -0.254 -0.151 0.019 0.271 0.621 1.049 1.537 2.042 2.551 3.030 3.436 3.742 3.966 4.149 4.302
-0.374 -0.361 -0.340 -0.309 -0.256 -0.156 0.010 0.254 0.587 1.006 1.488 1.995 2.515 3.033 3.498 3.883 4.171 4.400 4.577
-0.366 -0.352 -0.329 -0.295 -0.242 -0.151 0.003 0.244 0.580 1.005 1.480 1.985 2.511 3.036 3.547 3.992 4.343 4.622 4.827
-0.360 -0.343 -0.317 -0.277 -0.219 -0.131 0.011 0.239 0.576 1.003 1.481 1.997 2.531 3.065 3.601 4.083 4.487 4.808 5.043
-0.361 -0.344 -0.314 -0.265 -0.190 -0.088 0.060 0.286 0.615 1.043 1.526 2.043 2.577 3.118 3.666 4.172 4.611 4.956 5.230
-0.358 -0.345 -0.320 -0.272 -0.188 -0.062 0.105 0.334 0.658 1.079 1.566 2.091 2.632 3.187 3.735 4.253 4.711 5.078 5.366
-0.353 -0.338 -0.316 -0.274 -0.194 -0.062 0.132 0.397 0.742 1.161 1.641 2.163 2.698 3.251 3.798 4.313 4.768 5.143 5.430
-0.356 -0.341 -0.317 -0.275 -0.197 -0.063 0.138 0.428 0.801 1.236 1.716 2.224 2.749 3.291 3.828 4.328 4.768 5.131 5.409
-0.353 -0.340 -0.319 -0.280 -0.205 -0.069 0.141 0.441 0.831 1.282 1.768 2.272 2.780 3.301 3.814 4.288 4.703 5.050 5.316
-0.351 -0.336 -0.316 -0.281 -0.215 -0.087 0.123 0.426 0.816 1.271 1.761 2.267 2.769 3.270 3.757 4.204 4.596 4.926 5.184
-0.352 -0.334 -0.313 -0.282 -0.221 -0.107 0.092 0.389 0.778 1.230 1.718 2.221 2.721 3.212 3.677 4.102 4.475 4.791 5.044
-0.350 -0.334 -0.314 -0.282 -0.223 -0.116 0.072 0.356 0.729 1.168 1.647 2.149 2.653 3.142 3.597 4.005 4.361 4.661 4.907
-0.352 -0.337 -0.316 -0.284 -0.229 -0.127 0.052 0.323 0.679 1.103 1.575 2.074 2.580 3.072 3.526 3.924 4.263 4.544 4.779
-0.342 -0.329 -0.310 -0.279 -0.224 -0.127 0.041 0.300 0.644 1.053 1.515 2.012 2.520 3.014 3.466 3.855 4.176 4.437 4.657
-0.322 -0.309 -0.291 -0.263 -0.213 -0.120 0.040 0.288 0.623 1.024 1.476 1.966 2.471 2.961 3.410 3.790 4.092 4.333 4.538
-0.282 -0.274 -0.259 -0.234 -0.189 -0.104 0.046 0.285 0.612 1.008 1.451 1.934 2.434 2.917 3.356 3.719 4.002 4.225 4.421
-0.212 -0.202 -0.190 -0.169 -0.130 -0.053 0.085 0.310 0.628 1.012 1.443 1.922 2.409 2.877 3.299 3.638 3.900 4.110 4.301
-0.142 -0.125 -0.105 -0.078 -0.039 0.030 0.152 0.349 0.635 1.005 1.433 1.894 2.376 2.840 3.237 3.547 3.787 3.989 4.180
-0.100 -0.064 -0.027 0.014 0.067 0.146 0.263 0.440 0.698 1.039 1.445 1.888 2.349 2.794 3.168 3.450 3.670 3.866 4.060
-0.105 -0.056 -0.001 0.062 0.139 0.237 0.372 0.548 0.783 1.089 1.469 1.891 2.326 2.751 3.098 3.348 3.551 3.747 3.943
-0.155 -0.097 -0.030 0.050 0.147 0.271 0.427 0.618 0.844 1.125 1.479 1.882 2.301 2.700 3.017 3.245 3.436 3.632 3.830
-0.220 -0.159 -0.087 0.000 0.109 0.250 0.425 0.634 0.873 1.150 1.479 1.860 2.262 2.637 2.931 3.142 3.326 3.523 3.720
-0.296 -0.243 -0.174 -0.085 0.025 0.169 0.354 0.580 0.840 1.131 1.457 1.819 2.206 2.564 2.841 3.041 3.220 3.418 3.614
-0.349 -0.311 -0.255 -0.178 -0.075 0.060 0.242 0.479 0.762 1.074 1.408 1.767 2.143 2.487 2.749 2.942 3.120 3.317 3.512
-0.383 -0.360 -0.319 -0.256 -0.163 -0.035 0.140 0.375 0.671 1.007 1.356 1.715 2.079 2.409 2.660 2.847 3.025 3.219 3.416
-0.398 -0.386 -0.362 -0.318 -0.244 -0.129 0.034 0.258 0.555 0.913 1.292 1.663 2.021 2.337 2.575 2.757 2.937 3.126 3.329
-0.404 -0.398 -0.386 -0.360 -0.307 -0.212 -0.062 0.162 0.468 0.844 1.237 1.612 1.968 2.270 2.496 2.674 2.856 3.038 3.252
-0.406 -0.403 -0.396 -0.380 -0.348 -0.279 -0.147 0.071 0.389 0.783 1.191 1.573 1.921 2.209 2.423 2.599 2.782 2.961 3.187
-0.407 -0.404 -0.399 -0.389 -0.369 -0.326 -0.227 -0.030 0.289 0.707 1.140 1.536 1.880 2.153 2.359 2.533 2.713 2.895 3.133
-0.408 -0.405 -0.400 -0.393 -0.378 -0.346 -0.275 -0.114 0.191 0.621 1.082 1.494 1.836 2.102 2.303 2.479 2.654 2.845 3.095
-0.408 -0.406 -0.401 -0.394 -0.382 -0.357 -0.303 -0.178 0.094 0.524 1.009 1.441 1.789 2.051 2.252 2.430 2.600 2.794 3.051
-0.408 -0.406 -0.402 -0.395 -0.383 -0.361 -0.315 -0.213 0.015 0.419 0.917 1.373 1.732 1.999 2.204 2.384 2.553 2.751 3.010
-0.408 -0.406 -0.403 -0.396 -0.384 -0.363 -0.321 -0.231 -0.032 0.336 0.824 1.296 1.669 1.943 2.157 2.341 2.512 2.722 2.983
-0.408 -0.406 -0.403 -0.398 -0.387 -0.366 -0.325 -0.242 -0.066 0.265 0.734 1.215 1.603 1.888 2.111 2.300 2.477 2.689 2.947
-0.407 -0.404 -0.401 -0.396 -0.385 -0.366 -0.327 -0.248 -0.083 0.222 0.664 1.140 1.539 1.837 2.070 2.264 2.444 2.649 2.898
-0.405 -0.402 -0.398 -0.392 -0.382 -0.364 -0.327 -0.250 -0.091 0.201 0.626 1.091 1.491 1.797 2.037 2.235 2.411 2.610 2.854
-0.406 -0.401 -0.393 -0.382 -0.369 -0.350 -0.316 -0.247 -0.100 0.164 0.549 0.992 1.399 1.726 1.982 2.173 2.342 2.529 2.753
-0.411 -0.409 -0.402 -0.390 -0.368 -0.337 -0.293 -0.222 -0.091 0.141 0.493 0.919 1.328 1.658 1.904 2.074 2.217 2.399 2.631
-0.413 -0.412 -0.410 -0.405 -0.393 -0.362 -0.303 -0.207 -0.064 0.154 0.478 0.878 1.261 1.565 1.776 1.920 2.063 2.254 2.504
-0.414 -0.413 -0.412 -0.410 -0.405 -0.392 -0.354 -0.259 -0.084 0.163 0.479 0.838 1.161 1.410 1.591 1.731 1.890 2.105 2.371
-0.415 -0.414 -0.414 -0.412 -0.410 -0.403 -0.382 -0.321 -0.171 0.093 0.422 0.742 1.006 1.211 1.379 1.533 1.721 1.958 2.226
-0.415 -0.415 -0.415 -0.414 -0.412 -0.408 -0.394 -0.354 -0.250 -0.032 0.276 0.576 0.811 0.998 1.165 1.340 1.559 1.818 2.096
-0.416 -0.416 -0.416 -0.416 -0.415 -0.411 -0.402 -0.374 -0.301 -0.139 0.113 0.381 0.603 0.788 0.963 1.160 1.406 1.680 1.963
-0.418 -0.418 -0.418 -0.417 -0.417 -0.414 -0.408 -0.389 -0.338 -0.221 -0.028 0.196 0.405 0.592 0.781 1.002 1.274 1.556 1.814
-0.419 -0.419 -0.419 -0.419 -0.418 -0.416 -0.411 -0.398 -0.362 -0.280 -0.136 0.050 0.240 0.430 0.636 0.875 1.155 1.432 1.669
-0.421 -0.421 -0.421 -0.421 -0.420 -0.417 -0.412 -0.401 -0.374 -0.314 -0.209 -0.062 0.115 0.314 0.528 0.773 1.047 1.308 1.537
-0.424 -0.424 -0.423 -0.423 -0.422 -0.420 -0.414 -0.401 -0.374 -0.324 -0.242 -0.117 0.046 0.233 0.436 0.669 0.938 1.181 1.351
0.9800 0.0200
-0.392 -0.384 -0.367 -0.326 -0.236 -0.069 0.190 0.529 0.894 1.222 1.466 1.635 1.761 1.867 1.972 2.079 2.209 2.355 2.521
-0.384 -0.378 -0.364 -0.329 -0.249 -0.090 0.170 0.526 0.940 1.366 1.736 2.020 2.218 2.356 2.466 2.571 2.679 2.802 2.939
-0.375 -0.369 -0.357 -0.329 -0.262 -0.121 0.121 0.461 0.882 1.339 1.787 2.185 2.487 2.705 2.860 2.984 3.097 3.210 3.333
-0.365 -0.354 -0.341 -0.317 -0.260 -0.139 0.073 0.386 0.789 1.247 1.733 2.200 2.604 2.921 3.145 3.307 3.443 3.563 3.685
-0.370 -0.354 -0.334 -0.305 -0.252 -0.146 0.040 0.322 0.699 1.150 1.642 2.147 2.614 3.025 3.342 3.569 3.734 3.880 4.011
-0.371 -0.357 -0.335 -0.301 -0.244 -0.139 0.031 0.285 0.637 1.067 1.558 2.066 2.575 3.053 3.457 3.761 3.984 4.166 4.318
-0.364 -0.351 -0.330 -0.298 -0.245 -0.145 0.023 0.267 0.602 1.022 1.506 2.016 2.538 3.057 3.521 3.905 4.191 4.418 4.594
-0.356 -0.342 -0.319 -0.285 -0.232 -0.140 0.015 0.257 0.595 1.022 1.497 2.004 2.532 3.059 3.570 4.015 4.363 4.641 4.845
-0.352 -0.335 -0.308 -0.268 -0.209 -0.120 0.023 0.252 0.591 1.019 1.498 2.015 2.550 3.086 3.624 4.106 4.508 4.828 5.061
-0.355 -0.337 -0.307 -0.256 -0.181 -0.079 0.070 0.298 0.629 1.059 1.542 2.060 2.595 3.136 3.686 4.193 4.631 4.975 5.248
-0.352 -0.339 -0.314 -0.266 -0.181 -0.055 0.113 0.344 0.670 1.093 1.581 2.108 2.648 3.203 3.751 4.268 4.726 5.093 5.379
-0.347 -0.332 -0.310 -0.268 -0.188 -0.056 0.136 0.402 0.750 1.171 1.653 2.176 2.711 3.263 3.807 4.318 4.771 5.145 5.433
-0.350 -0.335 -0.311 -0.269 -0.190 -0.058 0.142 0.429 0.801 1.239 1.721 2.231 2.757 3.297 3.829 4.320 4.754 5.116 5.395
-0.347 -0.334 -0.313 -0.274 -0.198 -0.063 0.146 0.443 0.830 1.280 1.766 2.272 2.780 3.299 3.805 4.267 4.673 5.016 5.286
-0.345 -0.330 -0.310 -0.276 -0.209 -0.081 0.129 0.429 0.817 1.269 1.757 2.262 2.762 3.260 3.738 4.171 4.550 4.877 5.140
-0.346 -0.328 -0.307 -0.276 -0.216 -0.102 0.098 0.394 0.782 1.232 1.717 2.217 2.712 3.195 3.648 4.054 4.412 4.724 4.985
-0.344 -0.328 -0.308 -0.276 -0.218 -0.111 0.076 0.360 0.732 1.169 1.647 2.144 2.641 3.120 3.557 3.940 4.276 4.573 4.831
-0.346 -0.331 -0.310 -0.278 -0.224 -0.123 0.055 0.325 0.679 1.101 1.571 2.066 2.563 3.041 3.472 3.837 4.151 4.432 4.685
-0.336 -0.323 -0.304 -0.273 -0.219 -0.123 0.042 0.299 0.638 1.043 1.503 1.995 2.494 2.972 3.395 3.745 4.038 4.302 4.548
-0.316 -0.303 -0.285 -0.257 -0.208 -0.116 0.042 0.285 0.611 1.004 1.451 1.938 2.435 2.909 3.324 3.659 3.932 4.181 4.418
-0.276 -0.268 -0.254 -0.228 -0.184 -0.101 0.047 0.281 0.599 0.982 1.415 1.892 2.386 2.856 3.261 3.578 3.831 4.065 4.297
-0.207 -0.196 -0.184 -0.164 -0.125 -0.049 0.087 0.307 0.616 0.986 1.403 1.870 2.350 2.808 3.203 3.500 3.733 3.954 4.181
-0.137 -0.120 -0.100 -0.073 -0.034 0.033 0.154 0.346 0.625 0.983 1.394 1.840 2.313 2.769 3.147 3.424 3.638 3.848 4.069
-0.095 -0.059 -0.022 0.019 0.072 0.150 0.266 0.438 0.690 1.020 1.411 1.836 2.285 2.724 3.088 3.346 3.544 3.745 3.962
-0.099 -0.050 0.004 0.067 0.143 0.241 0.374 0.547 0.775 1.071 1.439 1.845 2.268 2.689 3.031 3.264 3.450 3.645 3.859
-0.150 -0.092 -0.025 0.055 0.152 0.275 0.429 0.617 0.838 1.110 1.454 1.844 2.253 2.649 2.964 3.179 3.356 3.549 3.759
-0.214 -0.153 -0.081 0.005 0.114 0.254 0.428 0.633 0.868 1.137 1.457 1.829 2.224 2.597 2.890 3.091 3.262 3.456 3.660
-0.289 -0.237 -0.167 -0.079 0.031 0.173 0.356 0.579 0.835 1.119 1.437 1.793 2.175 2.533 2.809 3.002 3.170 3.364 3.563
-0.343 -0.304 -0.249 -0.171 -0.069 0.065 0.245 0.479 0.756 1.063 1.390 1.744 2.118 2.463 2.725 2.911 3.080 3.273 3.468
-0.377 -0.353 -0.313 -0.250 -0.157 -0.029 0.143 0.374 0.665 0.996 1.340 1.694 2.057 2.389 2.641 2.822 2.993 3.182 3.379
-0.391 -0.379 -0.356 -0.312 -0.238 -0.124 0.038 0.257 0.548 0.901 1.276 1.644 2.003 2.321 2.560 2.737 2.911 3.094 3.298
-0.397 -0.391 -0.379 -0.353 -0.300 -0.206 -0.057 0.162 0.462 0.833 1.222 1.596 1.953 2.258 2.484 2.657 2.834 3.010 3.227
-0.400 -0.396 -0.389 -0.373 -0.341 -0.273 -0.142 0.072 0.385 0.774 1.178 1.560 1.910 2.200 2.414 2.585 2.764 2.937 3.166
-0.400 -0.397 -0.392 -0.383 -0.363 -0.320 -0.222 -0.028 0.288 0.701 1.131 1.526 1.872 2.146 2.351 2.522 2.698 2.874 3.118
-0.401 -0.398 -0.394 -0.386 -0.371 -0.340 -0.270 -0.110 0.192 0.618 1.077 1.489 1.831 2.097 2.297 2.469 2.641 2.829 3.084
-0.402 -0.399 -0.394 -0.388 -0.375 -0.351 -0.297 -0.174 0.096 0.524 1.007 1.439 1.786 2.048 2.247 2.422 2.588 2.781 3.043
-0.402 -0.399 -0.395 -0.388 -0.377 -0.355 -0.309 -0.208 0.018 0.421 0.918 1.373 1.730 1.996 2.200 2.378 2.543 2.741 3.005
-0.402 -0.400 -0.396 -0.389 -0.378 -0.356 -0.315 -0.226 -0.028 0.339 0.826 1.297 1.668 1.942 2.154 2.335 2.503 2.715 2.981
-0.401 -0.400 -0.397 -0.391 -0.380 -0.359 -0.319 -0.237 -0.062 0.269 0.737 1.217 1.603 1.888 2.109 2.295 2.470 2.685 2.946
-0.400 -0.398 -0.395 -0.389 -0.379 -0.359 -0.321 -0.242 -0.079 0.225 0.667 1.143 1.540 1.837 2.069 2.260 2.439 2.646 2.898
-0.399 -0.396 -0.391 -0.386 -0.376 -0.357 -0.321 -0.244 -0.086 0.205 0.629 1.094 1.492 1.797 2.036 2.231 2.407 2.609 2.855
-0.400 -0.394 -0.386 -0.376 -0.363 -0.343 -0.310 -0.242 -0.094 0.168 0.553 0.995 1.401 1.727 1.981 2.170 2.340 2.529 2.755
-0.405 -0.402 -0.396 -0.383 -0.361 -0.330 -0.287 -0.216 -0.086 0.146 0.498 0.922 1.331 1.659 1.904 2.073 2.217 2.400 2.632
-0.406 -0.405 -0.404 -0.399 -0.386 -0.356 -0.296 -0.201 -0.059 0.159 0.482 0.881 1.264 1.567 1.776 1.920 2.063 2.255 2.505
-0.407 -0.406 -0.405 -0.404 -0.399 -0.385 -0.347 -0.252 -0.078 0.168 0.483 0.841 1.164 1.412 1.592 1.731 1.891 2.106 2.373
-0.408 -0.408 -0.407 -0.406 -0.403 -0.396 -0.375 -0.314 -0.164 0.099 0.426 0.746 1.009 1.213 1.381 1.534 1.722 1.959 2.228
-0.409 -0.408 -0.408 -0.408 -0.406 -0.401 -0.387 -0.348 -0.243 -0.025 0.281 0.579 0.813 1.000 1.167 1.342 1.560 1.819 2.098
-0.410 -0.410 -0.410 -0.409 -0.408 -0.405 -0.395 -0.367 -0.295 -0.133 0.119 0.385 0.606 0.790 0.965 1.162 1.407 1.681 1.965
-0.411 -0.411 -0.411 -0.411 -0.410 -0.408 -0.401 -0.383 -0.332 -0.215 -0.022 0.201 0.408 0.595 0.783 1.005 1.276 1.558 1.817
-0.413 -0.413 -0.412 -0.412 -0.411 -0.410 -0.405 -0.391 -0.356 -0.274 -0.130 0.055 0.244 0.433 0.639 0.877 1.157 1.434 1.671
-0.415 -0.415 -0.415 -0.414 -0.413 -0.411 -0.405 -0.394 -0.368 -0.308 -0.203 -0.057 0.120 0.318 0.531 0.776 1.050 1.311 1.539
-0.417 -0.417 -0.417 -0.417 -0.416 -0.414 -0.408 -0.394 -0.368 -0.318 -0.236 -0.112 0.051 0.237 0.439 0.672 0.941 1.183 1.353
