1 50 63 TOPS ATOMIC GS98 X=.7 Z=.02 low rectangle; log rho axis
-10 -9.7999981345933982 -9.5999976540720446 -9.3999969133722594 -9.1999981721820312 -9 -8.7999981345933982 -8.5999976540720446 -8.3999969133722594 -8.1999981721820312 -8 -7.7999981345933982 -7.5999976540720438 -7.3999969133722594 -7.1999981721820312 -7 -6.7999981345933982 -6.5999976540720438 -6.3999969133722594 -6.1999981721820312 -6 -5.7999981345933982 -5.5999976540720438 -5.3999969133722594 -5.1999981721820312 -5 -4.7999981345933982 -4.5999976540720438 -4.3999969133722594 -4.1999981721820312 -4 -3.7999981345933982 -3.5999976540720442 -3.3999969133722594 -3.1999981721820312 -3 -2.7999981345933982 -2.5999976540720442 -2.3999969133722598 -2.1999981721820312 -2 -1.7999981345933982 -1.5999976540720442 -1.3999969133722596 -1.1999981721820312 -1 -0.79999813459339819 -0.59999765407204408 -0.39999691337225962 -0.19999817218203128 0 0.20000186540660178 0.40000234592795586 0.60000308662774038 0.80000182781796869 1 1.2000018654066018 1.400002345927956 1.6000030866277404 1.8000018278179688 2 2.2000018654066018 2.4000023459279558
4.3656571067207333 4.4625671197287904 4.5417483657764146 4.6086951554070277 4.6666871023847145 4.7635971153927716 4.8427783614403959 4.9097251510710089 4.9677170980486958 5.0188696204960772 5.0646271110567529 5.1615371240648091 5.2407183701124334 5.3656571067207333 5.4625671197287904 5.5417483657764146 5.6666871023847145 5.7635971153927716 5.8427783614403959 5.9097251510710089 5.9677170980486958 6.0188696204960772 6.064627111056752 6.1615371240648091 6.2407183701124334 6.3076651597430464 6.3656571067207333 6.4168096291681147 6.4625671197287904 6.5039598048870149 6.5417483657764146 6.6086951554070277 6.6666871023847145 6.717839624832096 6.7635971153927716 6.8049898005509961 6.8427783614403959 6.8775404676996077 6.9097251510710089 6.9677170980486958 7.0188696204960772 7.064627111056752 7.1157796335041335 7.1615371240648091 7.2029298092230336 7.2407183701124334 7.2754804763716452 7.3076651597430473 7.3376283831204896 7.3656571067207333
0.7 0.02
-0.1095398573323953 -0.032017011258383445 0.061301656206044379 0.17076028088121065 0.29703790937935981 0.4414437532550553 0.59835270986928391 0.77380837849206419 0.95278275967009851 1.1464071352870533 1.3368798155984225 1.5374412834079476 1.7321121813966436 1.9322250903463614 2.1276877875398506 2.3246116533289207 2.5203000815493772 2.713162808540329 2.9100531508553624 3.1000947150149893 3.2917905063857842 3.4766867429456449 3.6512392359739292 3.8155777483242672 3.9806350264906589 4.1016783510279691 4.2363356859539065 4.3510422057394447 4.432167269442588 4.5316449390772631 4.6171996092912684 4.6632673566280793 4.7263277677991145 4.8061731880795922 4.8484046706791872 4.9071102602451848 4.9852692552788476 5.0507663112330423 5.1186945078978381 5.2069607291557105 5.3010734229408438 5.3955185935633629 5.4951417695556222 5.5941714791149124 5.6933135570835889 5.7990026334277163 5.9327222967000441 6.0759117614827778 6.1832413644223658 5.9905341989589118 5.6763185830372969 5.4255831247809461 5.2499561819586802 5.0878878494929332 4.9189681967366417 4.7633680867441788 4.6244986732761877 4.4750316220664059 4.2930751401228635 4.1171386664038847 3.97806633408362 3.8054464829884402 3.6071761273488958
-0.12645852811583649 -0.066857044711008839 0.0027706281011936895 0.085575969718503772 0.18012587516405396 0.29395888562169753 0.42097835569490283 0.56293490750118247 0.72434961145943355 0.89722559566984572 1.0884196170160911 1.2777237887624533 1.493081452734428 1.6959192528314 1.9160378794417519 2.1228381940892662 2.3375990117399885 2.5414294614026223 2.7490170479179072 2.9508757748081464 3.1529301364227256 3.3555089880244338 3.5506074306351305 3.7453090599408281 3.9313256297551775 4.1049989492996337 4.2732559834517501 4.426738921636634 4.554888745101719 4.698848384853564 4.7959078113015199 4.8942551242345624 5.0124153747624334 5.0699269687524726 5.1403823245594022 5.2311891454826673 5.2850394473665192 5.3448440193371205 5.4238845544491401 5.4931093601037926 5.5631368358793116 5.6421676344049452 5.7246035153967165 5.8102459634365458 5.8814645459103865 5.980812088487542 6.0700378666077555 6.1323877811060488 6.1133416047951048 5.925873938108789 5.617702616734304 5.4027942486409026 5.2288621285305625 5.0749626431316264 4.9240000069741878 4.7488080049586019 4.6043664738700132 4.4691147918046639 4.3078595805984667 4.1283992687178062 3.9612929226849167 3.8038256997939879 3.6265661828560551
-0.14578507848779509 -0.080210874943084959 -0.0049750008721527548 0.080265627339844769 0.17225255242368825 0.27733411221598403 0.39208111979816002 0.52030008154937735 0.66410582687972419 0.81751248421121281 0.98695078785851664 1.1623851558572413 1.3508679962865646 1.5452204963930705 1.744433812551107 1.9539577119184648 2.1567005525820173 2.3783797292507396 2.5840710221355452 2.8068241518728776 3.0135955235372895 3.2306021747405311 3.4353027522846102 3.644182467326238 3.8439860646353048 4.0386996230206229 4.2237554536572413 4.4065231489438492 4.5588645046423837 4.7190079321937439 4.8512889317606644 4.9747004753883788 5.1130404180878202 5.1856554589202153 5.2786164336678327 5.3763214145472835 5.4281672028554819 5.4979933340577025 5.576928460302419 5.6290934481667314 5.692441506049593 5.7584728363924 5.8207267628238339 5.8825416134179562 5.9428757745535403 6.011443562022075 6.0624691658142531 6.0814553278225736 6.0280422950907493 5.8619404386716223 5.6158028082300362 5.379486813717274 5.2091931957195294 5.0623939372531952 4.9166697261339722 4.7494193658890467 4.5797150183896651 4.4515254735245904 4.310565872283199 4.1356414163866679 3.9595040750531441 3.7992233430648281 3.637189422148762
-0.2102430677147136 -0.15256307909368674 -0.082226749312270392 0.0015606526425729409 0.099991233544684394 0.21192108430850939 0.33849633530748158 0.47638232583276291 0.62607334306768536 0.78284512630140113 0.94660944723769991 1.1177682949263723 1.293296245148464 1.4800213233310497 1.664679575182304 1.8616598423191897 2.0543448887676306 2.2591397584210187 2.4613784564250785 2.6710802327388494 2.8817212329429474 3.0907869279492677 3.3054803486532056 3.5088124233448088 3.720828841381453 3.9187483219972612 4.1149444157125847 4.3023958731525669 4.4782200761535904 4.6469327921405261 4.8062274723453262 4.9391147211346791 5.0875684761617839 5.1841801953472588 5.2897226982137981 5.3996391149642742 5.456654454648449 5.5321043614511733 5.6042476592376502 5.65359838184329 5.7141368834648238 5.7695767012402985 5.8177702394791861 5.8689792860746079 5.9156108626614676 5.9614353329963654 5.9885455800458534 5.9885946264184415 5.93409426835548 5.7950732178439104 5.5735677730392181 5.3415730018778458 5.1851737123573365 5.0486359884326486 4.9034969473358592 4.7495353499234314 4.5757303740199555 4.4296231025826858 4.3018110230174766 4.144138137663588 3.9641370107543161 3.7898274003175527 3.6318190483160504
-0.25809239402572653 -0.21337633031363423 -0.15702276441121887 -0.086737309721277744 -0.0015314134479925254 0.09909335977309966 0.21553181849129527 0.34855796543645734 0.49404322217992935 0.65845977699831137 0.82885315967664008 1.0132586652835165 1.1985471250645066 1.3906525472483218 1.5812668052736707 1.7739764986177662 1.9657048710710299 2.1580306125903403 2.3545117997442726 2.5465673385999752 2.752877811229629 2.9500775017722116 3.1593566116222265 3.3598544467503579 3.5653046109955655 3.7638171865896894 3.9572863556067839 4.1437328231386923 4.3278287400941995 4.5001403813454584 4.6751273284893351 4.8153452655157238 4.9680764829201856 5.0893398077710312 5.1991241146233254 5.3217433782042303 5.3870337012823635 5.4716583590181607 5.5489664558490714 5.5983417592904337 5.6607706435276972 5.7113009599161657 5.7522482541777746 5.8007857903277626 5.8348909876389969 5.8685680334569179 5.8851802262877362 5.8811106395269883 5.8345415008650772 5.7179865410543238 5.5056382849910168 5.3289094048711885 5.1675536211968245 5.0310851480394811 4.8940112848926747 4.7421278603802497 4.5736257369341198 4.3998294166902232 4.2851746012520202 4.1460970135358695 3.9683942126595708 3.7929307205741094 3.6232182682555321
-0.31306000954992197 -0.28590505749860778 -0.25142438306900805 -0.20732121068142065 -0.15163227378421892 -0.081959173136934238 0.0029432068763250671 0.10486251814107743 0.22375545365724117 0.35867708451297409 0.50926974537618774 0.67071886501775702 0.84730731300227158 1.0255925688516736 1.2200557602513415 1.4112492193533848 1.615076378252023 1.814999632520867 2.0218918739191092 2.2263420871636308 2.4294938867287414 2.6320521667058099 2.8299402714195327 3.027675715904893 3.2213098902969297 3.4131152755075091 3.6028085039025979 3.7869004192001423 3.9684829485539352 4.1429523073434318 4.312938609013135 4.4769619842082529 4.6253536143645677 4.7847670235365838 4.9015291541171235 5.036069700697702 5.137702167146962 5.2331992415847735 5.334393428283704 5.3888114134735234 5.4590606082543216 5.5159797562794282 5.5536888851646005 5.6027109449575576 5.6287872763615736 5.6559735521557108 5.6722364404445473 5.6773696682350163 5.6550423413312014 5.5765486561757918 5.4297684244786053 5.2582061260688278 5.1162091258034001 4.9982113715248664 4.8733671101129268 4.7221812966649077 4.5673205039839875 4.3927848582254354 4.2347197046218756 4.1283023171643505 3.9823390862514718 3.8036414468232027 3.6280413554163906
-0.33707226024013764 -0.31677279395856511 -0.29299221603444564 -0.26335653806414533 -0.22476102714106144 -0.17661055130050574 -0.11501216224956173 -0.040467321578114217 0.049799277918986522 0.15424133016729816 0.27521918678214841 0.40925665203890965 0.55876855181658447 0.7194638757443057 0.8920110764892607 1.0747433209410029 1.2617385473525378 1.4606723718774315 1.6538201008382341 1.863857961883973 2.0632958210735204 2.2735105455404572 2.4754387277371035 2.680933503115484 2.8823024958187751 3.0805543389887711 3.2767833847002685 3.468952557265534 3.653540523484712 3.8387357817445085 4.0062520513693647 4.1787755720454109 4.3327211642891275 4.4889453503139709 4.6300310313616944 4.7605054136870839 4.890309216899948 4.9890402486557202 5.1016783510279691 5.1715509456767457 5.2425165823656048 5.3121773564397783 5.3489859568078577 5.3971401707485773 5.4270314524516561 5.453883777987123 5.4755695021274766 5.4910954317405789 5.4854942850109714 5.4367826249931577 5.3228392726863207 5.1874643152929192 5.0767860335080792 4.9626818015987721 4.8434943975353599 4.7059064557003119 4.5466660250701842 4.3867129388585964 4.2112006620002571 4.0850049990766522 3.9751559784066894 3.8130002068545044 3.633013723371544
-0.34140675233403051 -0.32528579133900343 -0.30598303218720863 -0.28270405026106038 -0.25356820765775478 -0.21728378059191966 -0.17231416928408064 -0.11643508545615922 -0.048361397027941448 0.034267397038025574 0.13120149002623302 0.24496946013619764 0.37165883971540892 0.51605917375828236 0.66856295345869388 0.83714002501423435 1.0091533319077084 1.1961761850399732 1.3839589106791115 1.5829719291048059 1.7831028253587153 1.9861041092290048 2.1927625354056857 2.39411882769457 2.60192968343623 2.8000981801747757 3.0046652332478772 3.2021339800608195 3.3972793788535927 3.5890331556958435 3.7710139217726715 3.9472474156750481 4.1172049860927826 4.2715395855938034 4.430735996410303 4.5580241977371481 4.6939730380040423 4.7986230264760144 4.9034752524083807 4.9910576431339457 5.0567905482743827 5.1336346980589278 5.1692040365236194 5.2137036536801791 5.248757722627297 5.2750808984568582 5.3011168458756304 5.3212462129905909 5.3270113597524098 5.3006824210300607 5.2218834917852401 5.1262288446064241 5.0235405215548541 4.9279910733024366 4.8155644669443705 4.6886689359009104 4.5291992852038314 4.3757184687467916 4.2026789942277265 4.0419845014867866 3.9501944139078504 3.8143142002074595 3.6397553498595929
-0.33083193961247193 -0.32035410230479455 -0.30695051594041978 -0.28703058681197524 -0.26347601713774915 -0.23459224920998895 -0.19955100261808331 -0.15413951220780123 -0.099540013268978128 -0.031647826461499204 0.048674814992229434 0.14420046018387905 0.25355606722011997 0.37821614974987783 0.51580763523805395 0.66788236517624511 0.83150504406349679 1.0042353663594674 1.1876335099506934 1.3718802490915545 1.5727322340176817 1.7651989947905016 1.9754088293573275 2.1747573763106605 2.3849444982162442 2.5868909795908674 2.7917537890235753 2.9929068182233123 3.1917583213704477 3.388864632575594 3.580605691790701 3.7624009465893593 3.9440580404731085 4.1020218569241527 4.2622374497415825 4.4007451580150052 4.5318619490958092 4.6484283215942446 4.7440190173249794 4.8421534905454866 4.9004599867310219 4.9680437622471141 5.012837224705172 5.0522705966567489 5.0907164484810989 5.1153108949104995 5.1437952038457668 5.1650067795683681 5.1787467965289578 5.1714339009430086 5.1233288669263475 5.0519239160461069 4.9712804886116304 4.890482497580523 4.7856643265043468 4.6653370422455902 4.5188296756110988 4.3565994357249709 4.1957613200360608 4.0233759381395622 3.9049047980207003 3.8094048223181933 3.6470013275940492
-0.28828554279500712 -0.27901425584626094 -0.27093245130071081 -0.25473778362244071 -0.23696154855202878 -0.21430721802663244 -0.18696639384208957 -0.15155223141859131 -0.10724332474493063 -0.05205679574032486 0.01615551195145451 0.097361444565493838 0.19393119117494675 0.30399477006604281 0.43009118803394936 0.56688510921135116 0.72029990933179444 0.87899260036898585 1.053884790394692 1.2298609486549905 1.4210607191918789 1.6107878779803468 1.8109109930508598 2.0101302772151479 2.2128531899471113 2.417554724363455 2.6177759233349129 2.8244447637035028 3.0208168870289072 3.223937020319982 3.4178203174501429 3.6051002436365716 3.7876233929464571 3.9532618277006084 4.1096122903084593 4.2594505237164997 4.387799009462368 4.5180135550460747 4.6043988722200186 4.6986485074508861 4.7618602094469065 4.8214873258356441 4.872814502223247 4.9073253533514114 4.9480019522451419 4.9703050257090284 4.99991747620843 5.020775488193558 5.0407605242286984 5.0482475318039741 5.0238283925348863 4.9759232711682095 4.9208430737624136 4.8486139632955627 4.7569098328487067 4.6439853474599708 4.5097131567013982 4.3410782372114429 4.1905557923351724 4.0150242633246256 3.8683269759516183 3.7830384149284617 3.6472557932012184
-0.22559983504722422 -0.21711191323542942 -0.2090958621251405 -0.19782854904823616 -0.18330806327889901 -0.16638759415207707 -0.14399049568992367 -0.11739009144262927 -0.08056624576950587 -0.037034333419726895 0.020278394111927441 0.086288629021682231 0.1694980946849679 0.26264090375526189 0.37427164327597978 0.497040282255931 0.63699912002382808 0.78755256635673399 0.9511139988007451 1.1222486539780536 1.3020493903762504 1.489606966267722 1.6790915970687104 1.8794743596556156 2.0715506393669321 2.2801912478721422 2.4761067168401913 2.6836503064023929 2.8802532196045734 3.0812392609116972 3.2746426946993252 3.462562699054192 3.6431465884438929 3.8152323003747819 3.9675339362996196 4.1257414391287153 4.2485617413595742 4.3775065924066334 4.4701899062855528 4.5579280590540243 4.6310275398585308 4.6846030223283712 4.7427879541721456 4.7733621792293341 4.8128732660710867 4.8367037990897312 4.86436273110583 4.8871501263306181 4.9120359664017368 4.927242006460018 4.9253688246026854 4.9031225578566939 4.8636083297726511 4.8045278737252906 4.7260748702153696 4.6172310643303502 4.4900568521459281 4.327072716669119 4.178113252314632 4.0095783607945421 3.8442347978972995 3.7438388885102616 3.6450290647211423
-0.10381010513176463 -0.087868320143481046 -0.068481108612315544 -0.051098239029786302 -0.029490410070177768 -0.0081495211230950514 0.01527590668187525 0.041234731171430825 0.070776462843434695 0.10676866517680579 0.14727429991184265 0.19788676840118555 0.25370138101198542 0.32331399046206621 0.39818314550994099 0.49129164068759229 0.58984911025721476 0.70850588095523692 0.83394354434193407 0.97645085935133047 1.1265534779612791 1.2915020491896005 1.4630115668147143 1.6440247785914583 1.8299081473833696 2.0186172925194414 2.2115209972402297 2.4006070565806894 2.5956505122514018 2.7811950965511025 2.968197995269831 3.1441069730493232 3.3108207150182789 3.4699103380776242 3.6175873956417495 3.75785134368558 3.8907785915947697 4.0042783722001625 4.1264885707003742 4.2038756232773338 4.2990930723617051 4.3567522621475572 4.417836911626325 4.4667193716815987 4.5029730590656314 4.5401917803626226 4.5644530065313669 4.5931641815688682 4.6210307999287092 4.6529808282633658 4.6865200844166166 4.7095497871724401 4.711030708207443 4.6845491507779311 4.6336603107578691 4.5556384879475535 4.443466393088654 4.3071964211494125 4.1403823245594022 3.9987082261536222 3.8213104171316341 3.6708764212501821 3.580092064700632
-0.16343537961183233 -0.1372665143225846 -0.11029501121449056 -0.080874818004195131 -0.049761752154082621 -0.015207240598473908 0.021478732257527208 0.061037590063418259 0.10325623335505109 0.14894181490291133 0.19917902605112661 0.25406445291433793 0.31563452910003215 0.38361791451901539 0.46007054329416114 0.54342232703972349 0.63584550817019325 0.73375081826228894 0.84059534145875014 0.95150751132602296 1.0745604678028955 1.2010145582133722 1.3458832129317126 1.4940292986917374 1.6586790285824489 1.8258673289207414 2.0027706281011937 2.180125875164054 2.3596837372363515 2.5354207180561734 2.7071100912644734 2.8694194821558221 3.0255516227825439 3.1634297433014722 3.3015508366001667 3.4193608697212836 3.5443781439578124 3.6503560992163115 3.7641013764762286 3.8633763999754249 3.9553653967091962 4.0486359884326486 4.1124374173218436 4.1940701076210996 4.2336812977263456 4.2888302814158532 4.3222399749311515 4.362407069857869 4.3971401707485773 4.4399323955975749 4.4826449473929424 4.5225615945344364 4.5511815307805934 4.555372598291509 4.53655844257153 4.4790711958039306 4.3879590197123459 4.2728391051841257 4.1219535835452987 3.9649004606396869 3.8120572874103313 3.6390280467869416 3.5144149205803692
-0.37722662613178809 -0.36012520995028269 -0.34168327282189853 -0.3196554199894322 -0.29517196321966638 -0.26736503246080423 -0.23616785141069127 -0.20169471797802349 -0.16181859928768119 -0.11792535769409331 -0.068298097941826508 -0.013317820220494433 0.048946503760491519 0.11932188646397712 0.19788676840118555 0.28681561343658635 0.38377947239126226 0.4895225607578873 0.60150591256321495 0.71750407476420197 0.83946547716386444 0.96344308732539885 1.0928609433388174 1.2263420871636308 1.3638187375641777 1.5078693588926737 1.6544653335201458 1.8059695616308586 1.9596041786029106 2.1136091510730277 2.2668429487005843 2.4151737453358608 2.5551428352400487 2.6904176023398216 2.8058337576047037 2.9239689648754714 3.0167409272862598 3.1209356925611309 3.208736877114406 3.3093107157881754 3.4010729730259475 3.4986964218575465 3.5934854421846172 3.6769312636734695 3.7685641095135733 3.8298631697404164 3.9071640435096788 3.9527827596700984 4.0133850177496857 4.0621681733517825 4.1222814272099226 4.1835260730217216 4.2425414282983844 4.2925661709640126 4.317331935445897 4.3177291337289523 4.2694195375110491 4.1826713866754783 4.071329586860343 3.9246048848390243 3.7752608331360502 3.6207812890403006 3.4484434999624756
-0.45229911864531608 -0.44859880190154028 -0.44269736167105289 -0.43650704879823887 -0.42708195167553537 -0.41684658552610782 -0.40227191422356456 -0.38576738330129179 -0.36414444720357836 -0.33907763124890583 -0.30851182368373314 -0.27136219298865832 -0.22934677877966628 -0.17883378400165792 -0.12404212086317039 -0.05660937105262779 0.016740927286259689 0.10421388419932318 0.2015063670532381 0.31291748111636852 0.43627399032604824 0.57098634759693323 0.71409494250139227 0.86336450280026789 1.0140162292583639 1.1674945616357215 1.318897714627487 1.4720393448219806 1.6224005533247967 1.7731425686854885 1.9186435806020563 2.0636335452307848 2.1991241146233249 2.331103226376499 2.4511875250567075 2.5609104430076406 2.6638233772847637 2.7516408653386235 2.8454577350176167 2.9243568317244222 3.0203612826477078 3.1012657849913352 3.2002484135153542 3.2866136316570045 3.3825753196494861 3.4672972555517876 3.5461970644860603 3.6223591090570006 3.6850606609044956 3.7534987960576065 3.8199977335107764 3.8928956379287696 3.973174052682972 4.0459094670350098 4.1080573737838542 4.137702167146962 4.1359590921245566 4.0921941206973163 3.9972727713836003 3.8848180123535596 3.7361892664819805 3.5971464878336952 3.4314763444315575
-0.46297468939593217 -0.46202987224153019 -0.46077330495700497 -0.45902019642726588 -0.4568760204521356 -0.45366713168081163 -0.45005311202326675 -0.44421654991422399 -0.43806423668621869 -0.42763963326985988 -0.41627993206780056 -0.39825498636463269 -0.37713347098200645 -0.34744424978818245 -0.31244428635584864 -0.2674775793904578 -0.21300737013821155 -0.14864379312776094 -0.069443181934280146 0.018658897585517732 0.12674814156019187 0.24375714102992993 0.37990350745150275 0.52495404945368318 0.6814221557210085 0.84330754259167862 1.0080889362915775 1.1728946977521761 1.3355581880658611 1.4929139708484036 1.6465017500316119 1.7907072873276797 1.9332695798786093 2.0606223043099559 2.1894341634010277 2.2953251470427039 2.4022613824546801 2.489241090524176 2.5762952687709886 2.6561557206516686 2.7365877091253004 2.8218736535093432 2.9047263619430295 3.0006075870628903 3.0848621390484223 3.1899112096928057 3.2620949646740631 3.3542045113703129 3.420368379857524 3.4989167640651666 3.5692568333286103 3.653665873520878 3.7360935858290483 3.8250884183002145 3.9090904642704833 3.9705978947009388 4.0006943158663546 3.9807076760429365 3.9245480518460405 3.8285954563717022 3.7068542778142408 3.5590323710924761 3.4239663686802855
-0.46748767070961167 -0.46709281698954058 -0.46663472725036437 -0.46598659279858312 -0.46516193861148708 -0.46423765152688057 -0.46306297729532647 -0.46177826776087993 -0.46002110602425728 -0.45810887490399893 -0.45510138664702032 -0.45173345482925475 -0.44629897845003896 -0.44002159668392848 -0.43094226881994552 -0.41995362045201023 -0.40410714205805148 -0.38327248988644258 -0.35478411869086351 -0.31498418430706215 -0.26448892608047819 -0.19101973105696576 -0.10713770905799404 0.015108160645837195 0.14507203770499774 0.30952370965311338 0.478609778601228 0.66252173791011515 0.84663396414539793 1.0280830070178384 1.2037126406077068 1.3712711014875845 1.5244740154735967 1.6727441983065992 1.7990578213533761 1.9267282004469339 2.0272272540672551 2.1319072427743864 2.2142078296544492 2.2981978671098151 2.3719909114649149 2.4476230977602862 2.5258737124191519 2.604992414039756 2.6931815406428044 2.7755667615360671 2.8718705354201659 2.9457590024569451 3.0375460120858269 3.1063609088067503 3.1922607186420437 3.2716093013788319 3.3664789916085938 3.464444833963928 3.5668144635045009 3.6631447478371086 3.7320719409998668 3.7711022109540902 3.75525726143514 3.7055387247672806 3.6195941507651606 3.5035183127240748 3.3634991614782348
-0.46822739483859599 -0.46832952470341377 -0.46808700547842624 -0.46795941815652287 -0.46761511949615348 -0.4672074149624148 -0.4666092919824486 -0.46585962095757133 -0.46493384942017185 -0.4637067600165673 -0.46221867130632299 -0.4600461583436033 -0.45749823678525547 -0.45404996042356494 -0.45022452794730333 -0.4444944365321476 -0.43781423505872408 -0.42867556662060291 -0.41748211639593752 -0.40135172882495873 -0.3806770551168242 -0.35182545772096141 -0.31338160330635884 -0.26202855309697748 -0.19010375339756092 -0.1020047391102096 0.025469719061055818 0.16381709389932556 0.35177698731776347 0.53745388242687486 0.7457070263615222 0.94564089002672147 1.1349735400059153 1.313909382835271 1.4742454103788669 1.615339717908828 1.7478311385110723 1.8549008910076439 1.9660900838376756 2.046924174230035 2.1383026981662816 2.2088979854933664 2.2896335390096452 2.3644008892496853 2.4468321882743616 2.5265847911694577 2.6078194631596596 2.6899567089505996 2.7646318650234081 2.8460524384207146 2.9184969001971384 3.0017769670774395 3.0893398077710312 3.1894341634010277 3.300073495267144 3.4047995188576539 3.4983243406971716 3.5581683658698964 3.5930311765967233 3.573034141907423 3.5173410785229917 3.4335298259154952 3.3164107107258092
-0.4666092919824486 -0.46652028027401571 -0.46649485170782168 -0.46632960230907555 -0.46625335455785066 -0.46596119546045295 -0.46584692581493742 -0.46536478517374702 -0.46502253653844972 -0.46428824648623918 -0.46342893277237673 -0.46219349335501997 -0.46061021792749501 -0.4586454492455847 -0.45603123430643816 -0.45277928098693876 -0.44815980031003699 -0.4425529538506407 -0.43497907165470623 -0.42595715124051015 -0.41328895028328366 -0.3981354851744065 -0.37667833321964667 -0.34991599686323605 -0.31117099487365113 -0.26177455185749493 -0.19232293621734201 -0.10325338439259441 0.012288739834606592 0.15914592785404733 0.32417952971789982 0.5254983106766703 0.71925668801345743 0.93064344104216434 1.1264561134318043 1.2994637145284502 1.4650555199518209 1.5992387910329255 1.7239479764316434 1.8322725411017984 1.927549998540939 2.0217266644137775 2.1003705451175629 2.1889284837608534 2.2632809142966215 2.3525298147967262 2.4229179807676622 2.507167468668134 2.5763298303054776 2.6535212356521458 2.7251354131752712 2.8014654536587029 2.8839338481980854 2.9807712344334938 3.0842544591112291 3.1946253294838645 3.2987657722618797 3.3808260568363413 3.4251427878607661 3.4393958593429774 3.4172225044337692 3.353011711033453 3.2643218777630056
-0.46840613786636148 -0.46813805090419064 -0.46793390518944827 -0.46758962674656279 -0.46725835710280966 -0.46682553925760922 -0.46636773120524472 -0.46585962095757133 -0.46526335004963693 -0.46465523632334277 -0.46384574031655723 -0.46299991267866109 -0.46179084452360192 -0.46047226902866012 -0.45854557125241108 -0.45627953028364532 -0.45302572416671294 -0.44908710247232408 -0.44395091159961797 -0.43761195814189446 -0.42930531705379438 -0.41849407399245409 -0.40426134639522776 -0.38516603534186911 -0.36073270545496106 -0.32720967131129758 -0.28580440599012602 -0.22544654047016827 -0.15316206773177693 -0.049143677818617518 0.070813359702715475 0.22878520098064911 0.40122816749811308 0.59560643486560305 0.79604675441365713 0.99019673109103623 1.1757436844217604 1.349044286602036 1.4899022564353195 1.635121683866136 1.737152870326679 1.8503521139582779 1.9387798236923051 2.0331824137291949 2.1177682949263725 2.2036582994562468 2.2858047638486316 2.3616900696379957 2.4399797052236392 2.5066267801462394 2.5818927949386175 2.6498700937024062 2.7269227197510193 2.8151193058426225 2.9145599857326117 3.0211892990699383 3.1208699401791882 3.2112540676178725 3.274134747878962 3.3180006918179208 3.3080946520423131 3.2694195375110495 3.2018339304743506
-0.46941614035488227 -0.46894280876671063 -0.46848276454689375 -0.46794666148563818 -0.46738573860249188 -0.46681281584858486 -0.46616441576394319 -0.46555503991105318 -0.46476919280549434 -0.46404797290782657 -0.46308820570637682 -0.46214314183101901 -0.46101177314177438 -0.45975814388488995 -0.45828350075351826 -0.45646584546986163 -0.45424768156602091 -0.45126672240184723 -0.44759949883931638 -0.44274550828365761 -0.43664945988799259 -0.42824459755356437 -0.41781159647021437 -0.40358985615572995 -0.38574626927134442 -0.36127119837194083 -0.3301719386674789 -0.28785558578511411 -0.23371359263044847 -0.16221592082361527 -0.07035632119085862 0.04281169180714782 0.1867586271816139 0.34299478292747715 0.53375935209931491 0.72056445588064244 0.91661710733945367 1.1043846712878835 1.2696763576298651 1.428102382783436 1.5621857649412758 1.6837492703947614 1.797489133785025 1.8941443051416273 1.9963715545591889 2.0804460946110486 2.1773055843418603 2.2474576958148118 2.3310019048442046 2.393855868587961 2.4649364291217326 2.5310188322087921 2.6027001037218476 2.6819915563906904 2.7762215976160243 2.8717713581192363 2.9722306175214404 3.0671452788853952 3.1427960357135558 3.1885066338181143 3.2046082893270356 3.1884222146358283 3.1362130655130249
-0.4706081486235888 -0.47032587259728792 -0.46992843116262178 -0.46949294546285564 -0.46887888458727217 -0.46827845676886298 -0.46738573860249188 -0.46655842591517294 -0.4654535603459326 -0.4643768018506883 -0.46307559131766007 -0.46171538940985968 -0.46020903365425908 -0.45853308811816657 -0.45678898125999479 -0.45468051064826454 -0.45249604410667499 -0.44966155807284575 -0.4464932013258045 -0.44251685939698282 -0.4376595442353956 -0.43144628795055739 -0.42340528926616888 -0.4127381503074658 -0.3987333202186838 -0.38023903744792087 -0.35584709495060635 -0.32421249609172081 -0.28152322357660209 -0.22831699953481557 -0.15467246497793316 -0.067399415499518028 0.049373100151530618 0.18135759202845009 0.34332980307760658 0.51644282030912125 0.70228402351651187 0.89081768326385213 1.0709977969934237 1.2391492648582929 1.4006243216617671 1.5311211154127278 1.6703943044452167 1.7713596185950746 1.885168911673855 1.9758084932254034 2.0721763444789665 2.1529606743042486 2.2319790268315041 2.3027420797231626 2.3662361237182932 2.4325524245770511 2.4978139334016904 2.5703794649587013 2.6548020145684403 2.7452700239889878 2.8447318374581725 2.9340437190355253 3.0158625080973138 3.0716611234417877 3.1089707168794805 3.1041455505540081 3.068000226145172
-0.47137892614759269 -0.4712503681921506 -0.47104475458539674 -0.47081355557738541 -0.47045415713827599 -0.47004377992123847 -0.46942894026298393 -0.46868716848390579 -0.46771710546119866 -0.46652028027401571 -0.46516193861148708 -0.46340368456110842 -0.46167766676856004 -0.45930772174925677 -0.4571621292511342 -0.45433421287985798 -0.45163515367856266 -0.44828170069029771 -0.44474831447777335 -0.44059615536789992 -0.43586677615789499 -0.43028674752391666 -0.42339377638971776 -0.41492297273262452 -0.40397501047691869 -0.39014957122605898 -0.37132504073736206 -0.34710608567880175 -0.31364978013510747 -0.27098918527000504 -0.21286554580088454 -0.14003354898407647 -0.045458412921393888 0.069298012115529259 0.20569145357950566 0.3639314730018367 0.53271616958602674 0.71636232336020322 0.89804469273743903 1.072286669509892 1.2451176750794153 1.3915525666109279 1.53790720385597 1.6601632120103023 1.7774630725025917 1.8845971400109183 1.9812158829107329 2.0738282844011087 2.146531122007445 2.2231323624715884 2.2806466502961951 2.347115254841404 2.406148287079636 2.4738809409287312 2.5487578285737045 2.6351317452471763 2.724947277655104 2.8149331330900544 2.900563745794924 2.9665922262559219 3.0148144490870532 3.0206926786820278 3.0016471913460383
-0.47200941080356618 -0.47198365881079857 -0.47194503368453466 -0.47189353885928947 -0.47184205013912445 -0.47176482850273621 -0.47166188767516093 -0.47150752216946773 -0.47128893158314877 -0.47096767457302441 -0.47053114605567375 -0.46987717488002911 -0.46901953020406184 -0.46787012932814986 -0.4662914767601401 -0.4643388473405568 -0.46138856865552219 -0.45829597671571159 -0.45332164069764264 -0.44834266371372816 -0.44121945292076398 -0.43409317793234181 -0.42522816812497111 -0.41592897786445476 -0.40495594428538484 -0.39256642395597718 -0.37814890445568766 -0.36058324250758533 -0.33960890159753288 -0.31221250097122122 -0.27846966519853888 -0.23255470073023043 -0.17555523629649694 -0.098808767361209263 -0.0055244709296887653 0.11243741732184365 0.24878221406854989 0.40464559559469115 0.57367210248058109 0.7478544227895797 0.92280846931513616 1.0954831858295406 1.2531440805709739 1.4119394175240436 1.5411172484217828 1.6730024653580744 1.7800075057661744 1.8836500809010934 1.9643020673235934 2.0338658673479002 2.096771016533225 2.1511552551509174 2.2081725266671217 2.2635177160919668 2.3265611439641933 2.3974359346535428 2.4770054274134945 2.5661427555146683 2.6493348587121419 2.7300066341768638 2.7891222049334066 2.833535953403246 2.8383389673013442
-0.472395874046732 -0.47238298639648241 -0.47235721224324617 -0.47233143961954249 -0.47230566852518985 -0.47226701475079708 -0.47220259943766035 -0.47213819367729803 -0.47204804165605813 -0.47193215940579297 -0.47179056752259219 -0.47162329115459256 -0.47140464230593182 -0.47113469856043161 -0.47069800221201946 -0.47009505587181644 -0.46917301375102349 -0.46794666148563818 -0.46618982498943035 -0.46375729316168096 -0.46061021792749501 -0.45591954741321539 -0.45039601155587849 -0.44141141689180069 -0.43176306429438427 -0.41710749459855762 -0.40159254137780365 -0.38125131854071442 -0.35933971426193906 -0.33281798192592771 -0.30250911282894305 -0.26622513020696936 -0.22240645213717428 -0.16948831795763769 -0.10183998816039368 -0.021390423979069484 0.083932401638625906 0.20371264060770677 0.35055811794169939 0.50761303050177231 0.67873683703360521 0.85154574431904351 1.0204855857965516 1.1819578609310661 1.3325798351056986 1.4646236602294624 1.5916432806389675 1.6909930320998694 1.7919852238645044 1.853107802727554 1.9218840735223359 1.9725268178658557 2.0280830070178384 2.0790364570874895 2.1367839631833645 2.1988219776032061 2.2737880795675203 2.351255033547635 2.4382099744875587 2.5257313568507058 2.6030252231275859 2.6533476066008079 2.6840999611285379
-0.47266660308317898 -0.472653707396684 -0.472653707396684 -0.47264081209309466 -0.47264081209309466 -0.47261502263454175 -0.47258923470733838 -0.47256344831130287 -0.47251188011200773 -0.47246031803520228 -0.47237009912866135 -0.47226701475079708 -0.47213819367729803 -0.47197078338701487 -0.47176482850273621 -0.47149466085364827 -0.47114754922048796 -0.47069800221201946 -0.47010787580545582 -0.46917301375102349 -0.46793390518944827 -0.46603739193095134 -0.46359308193378201 -0.45992091119582734 -0.45502708476798481 -0.44797701387013988 -0.43796898100082216 -0.42480060484077475 -0.40546381362757011 -0.38306260466976177 -0.35004238515762698 -0.31432990350972712 -0.26792001062248827 -0.21712623291764063 -0.15508191926524253 -0.084573780748239472 0.00060758706289037307 0.099922232196921951 0.21745762253858059 0.35345458380604278 0.50190784141300693 0.66518685178651171 0.82828601041954086 0.98977008072656802 1.144231618090547 1.2781588962446635 1.4057219145641866 1.5101158654267295 1.6038153318096799 1.6796277351172841 1.7419941478131138 1.8025821831300752 1.8536191313517612 1.9106990928492247 1.9628142950133241 2.0260018173571774 2.091877899629413 2.1695862733219133 2.2560198133801217 2.3403647844020674 2.4250285535201046 2.492019641665868 2.5469126431812423
-0.47288588836019496 -0.47288588836019496 -0.47288588836019496 -0.47287298616082368 -0.47287298616082368 -0.47286008434474502 -0.47286008434474502 -0.47283428186237375 -0.47282138119603578 -0.47279558101294117 -0.47274398524444028 -0.47269239560497678 -0.47261502263454175 -0.47251188011200773 -0.47238298639648241 -0.47220259943766035 -0.47198365881079857 -0.47170048762617545 -0.47132749839870608 -0.47083923827886565 -0.47018480335536972 -0.46932655155961789 -0.46811252744134624 -0.46648213798303251 -0.46406061557210421 -0.46089879820545904 -0.45583269968268203 -0.44940479251067206 -0.43910149357025668 -0.42571402088426835 -0.4050883746928054 -0.37797258754179791 -0.34017884194429499 -0.29111191099807993 -0.23143589048642657 -0.15809643794740699 -0.076175927596540821 0.020071103533841214 0.12557884900218494 0.2484146973487221 0.38046450629772494 0.52784892593471555 0.67891880145655592 0.83109515704066839 0.97767788767399388 1.1133081499183868 1.2334783919318919 1.3447458537251875 1.4310258481331222 1.5184612949318381 1.5744364202024044 1.6402030812979047 1.6901428978562445 1.7502923509728674 1.803361505710666 1.8669427176301852 1.9307606093400167 2.0083446292526892 2.090046322457356 2.1816149517289611 2.2731865315234749 2.351216345339342 2.4082230003523013
-0.47332479136056549 -0.47332479136056549 -0.47332479136056549 -0.47332479136056549 -0.47332479136056549 -0.47331187611568609 -0.47331187611568609 -0.47331187611568609 -0.47329896125487469 -0.47328604677810848 -0.4732602189766198 -0.47323439271103751 -0.47319565619208903 -0.47314401287412544 -0.47305365184200066 -0.47295040510723524 -0.47279558101294117 -0.4726021284795327 -0.47233143961954249 -0.47198365881079857 -0.47153324594379875 -0.47095482923423099 -0.47019762593857689 -0.46921139311464549 -0.46785737527966642 -0.46602469159079152 -0.46339106100589067 -0.45972059085929451 -0.45435893927942639 -0.44661463474620849 -0.43574831066837066 -0.41923463692551699 -0.39750593119271899 -0.36229017699030286 -0.31891260249750608 -0.25351370429390174 -0.17698247655395075 -0.080780654079445305 0.026288062023942276 0.14581771449182765 0.27374183621104775 0.4117206929377355 0.55333678237688844 0.69682800182737348 0.83293022939157446 0.967140634170644 1.0788554029797672 1.190611797813605 1.2757719001649315 1.3602525081936709 1.424064525417488 1.4843995020539069 1.5411047552328023 1.5976732513068606 1.6572184436997566 1.7176621831049084 1.7861975565419939 1.8586093734801568 1.9420080530223132 2.039255443806486 2.1287222843384268 2.2150556473603098 2.2812152326113164
-0.47372535457424619 -0.47372535457424619 -0.47372535457424619 -0.47372535457424619 -0.47371242741191993 -0.47371242741191993 -0.47371242741191993 -0.47371242741191993 -0.47369950063437061 -0.47369950063437061 -0.47368657424157545 -0.47367364823351149 -0.47364779737148588 -0.47360902396335919 -0.47357025401657743 -0.47349272450457686 -0.47341520883054256 -0.47328604677810848 -0.47311819351786188 -0.47288588836019496 -0.47257634131793608 -0.47215107406528445 -0.47159756204638253 -0.47087776517903751 -0.46992843116262178 -0.46867439041897202 -0.46697824924783793 -0.46465523632334277 -0.46145139970291166 -0.45666466980909359 -0.45011432422958708 -0.43999767322663302 -0.42623518127389753 -0.40482355424796079 -0.37548070593268285 -0.33150226221804535 -0.27181672217561603 -0.19252585860300897 -0.091745593730384031 0.02362278987900681 0.15274686402646093 0.29072448001922319 0.42842638644058817 0.56994712764364241 0.69929126340142778 0.82644412003539724 0.93848970378298224 1.0443437348951072 1.1358638137998698 1.2154524928832504 1.2900123392795415 1.3457461033861688 1.4077646957618268 1.4601759235180285 1.524396122103842 1.5817221599490987 1.6555321959369296 1.724218506164001 1.8093711427640966 1.902302114017725 1.9970585737274005 2.0895872186728046 2.1665189175409449
-0.47407453348653616 -0.47407453348653616 -0.47407453348653616 -0.47407453348653616 -0.47407453348653616 -0.47407453348653616 -0.47407453348653616 -0.47407453348653616 -0.47407453348653616 -0.47406159592656372 -0.47406159592656372 -0.47404865875198754 -0.47403572196278465 -0.47400984954040698 -0.47398397865924702 -0.47394517522688878 -0.47388051054311314 -0.47380292562980553 -0.47369950063437061 -0.47354440930805375 -0.47333770698953559 -0.47304074465775414 -0.472653707396684 -0.47213819367729803 -0.47144321939881723 -0.47050548156672273 -0.46927536625864785 -0.46760237293430751 -0.46532674422580494 -0.46213055486210469 -0.45766015915795627 -0.45109489471141456 -0.4417475581484448 -0.42802345519665724 -0.40805655805557972 -0.37966611011336049 -0.33697789557820507 -0.28117457933906365 -0.1980683223290842 -0.099621945833613487 0.02362278987900681 0.15830216922802254 0.29708173766498619 0.43784565339083026 0.57012245140441165 0.69238859815138476 0.80785285318832556 0.90799683351508564 1.0072355375459516 1.0831800041299768 1.1692628640864462 1.2218574354191367 1.2865013789535689 1.3380778150208663 1.3996045056896886 1.4587133719337437 1.5303790158316846 1.6039342647612151 1.6920621902742616 1.7803893284709529 1.8784700906994425 1.97648753730519 2.0616032496083752
-0.47439809780683545 -0.47439809780683545 -0.47439809780683545 -0.47439809780683545 -0.47439809780683545 -0.47439809780683545 -0.47439809780683545 -0.47439809780683545 -0.47439809780683545 -0.47439809780683545 -0.47438515060448816 -0.47438515060448816 -0.47437220378811185 -0.47435925735768353 -0.47434631131318006 -0.47432042038185585 -0.47426864314929434 -0.47421687208895552 -0.47413922706814621 -0.47403572196278465 -0.47388051054311314 -0.47368657424157545 -0.47340229089654784 -0.47302783785709629 -0.47252477158779133 -0.47184205013912445 -0.47092913969638656 -0.46969782551472855 -0.46802320713213852 -0.4656946130420751 -0.4624453385775974 -0.45785953114408334 -0.45127899841009916 -0.44189169836945041 -0.42777916563472385 -0.40818993746908272 -0.37787927226474766 -0.33719496496183327 -0.27619965629955207 -0.1975820631304023 -0.093708066486364025 0.029221394253927998 0.16503647999456539 0.30526536202344867 0.44451320633404295 0.56350481668492247 0.68600134223314135 0.78169076405590654 0.88525942033219762 0.96155871750405209 1.04641711698399 1.1090045075413846 1.1721941284669306 1.2291953238766444 1.2864564697469829 1.3477787170653643 1.4156910109407237 1.4924530623517891 1.5777789366952244 1.6688516480825186 1.7704396041807362 1.8664114054989518 1.958587771150353
-0.47495519296315475 -0.47495519296315475 -0.47496815717103652 -0.47496815717103652 -0.47496815717103652 -0.47496815717103652 -0.47496815717103652 -0.47496815717103652 -0.47496815717103652 -0.47496815717103652 -0.47496815717103652 -0.47496815717103652 -0.47496815717103652 -0.47495519296315475 -0.47495519296315475 -0.47494222914225853 -0.47492926570832467 -0.47490334000125167 -0.47486445434228286 -0.47481261221241694 -0.47473486061910131 -0.4746312134763635 -0.4744887390323862 -0.4742815868787314 -0.47400984954040698 -0.47362194804811036 -0.47310528441532979 -0.472395874046732 -0.4714175009561542 -0.47006941713977624 -0.46817633891120097 -0.46554235366857338 -0.46182857699718338 -0.45659010001462752 -0.44903824770182388 -0.43820715939985055 -0.42233589526787285 -0.39936465723774039 -0.36646085107266185 -0.31911177031976334 -0.25599664308472558 -0.16872546978413427 -0.063606911635482766 0.059676993584755908 0.19426451602551723 0.31908522933869859 0.44499670026769556 0.55399219309942349 0.65375263312599941 0.74639285717982407 0.82576355485049779 0.90770688145042477 0.96877238174152425 1.0401274417814563 1.0908926257103628 1.1554878621412814 1.2169308537410213 1.2965774451391185 1.3757001845879882 1.4723468203205536 1.5687295991184291 1.6700787846043186 1.7701669056655198
-0.47544810512479541 -0.47544810512479541 -0.47544810512479541 -0.47544810512479541 -0.47544810512479541 -0.47544810512479541 -0.47544810512479541 -0.47544810512479541 -0.47544810512479541 -0.47544810512479541 -0.47546108405526571 -0.47544810512479541 -0.47544810512479541 -0.47544810512479541 -0.47544810512479541 -0.47544810512479541 -0.47543512658218989 -0.47542214842742619 -0.47540917066048105 -0.47538321628995373 -0.47534428764222286 -0.47527941431595344 -0.47520157911377903 -0.47507188476834189 -0.47490334000125167 -0.4746571229431355 -0.47433336565457851 -0.47386757876167473 -0.4732602189766198 -0.47242165049460755 -0.47126322227534762 -0.46967221022191369 -0.46743670166552498 -0.46427559719380079 -0.45977066228171731 -0.45328464010278291 -0.44397505382442287 -0.43021657174838368 -0.41063133494085524 -0.38172173589069913 -0.34172142739973138 -0.28534338481243904 -0.21155586162915249 -0.11831868618798175 -0.0082645918123534275 0.11159852488039401 0.22983536655726544 0.35295391171008772 0.4512028920571125 0.56086269472746475 0.63638758581315658 0.72428406375899346 0.79072838272604229 0.8629717130702339 0.92365842179330626 0.98557465684439027 1.050689027758881 1.1234269350044213 1.2044184575232499 1.2962262872611605 1.3929430423400611 1.5002502007301581 1.6027109449575574
-0.47588960650486378 -0.47588960650486378 -0.47588960650486378 -0.47588960650486378 -0.47588960650486378 -0.47588960650486378 -0.47588960650486378 -0.47588960650486378 -0.47588960650486378 -0.47588960650486378 -0.47588960650486378 -0.47587661476183213 -0.47587661476183213 -0.47587661476183213 -0.47586362340743149 -0.47586362340743149 -0.47586362340743149 -0.47585063244163867 -0.47583764186443051 -0.47582465167578364 -0.47579867246408103 -0.47575970656015615 -0.47572074415202859 -0.47564282982065648 -0.47555194743072454 -0.47540917066048105 -0.47521455067877766 -0.47492926570832467 -0.47454054251332112 -0.47398397865924702 -0.47322148015415427 -0.47216395483529128 -0.47069800221201946 -0.46866161272999091 -0.46575807020577947 -0.46162737500984441 -0.45568385825257268 -0.4470399193056504 -0.43456542969224088 -0.41639320362680149 -0.3903415717369661 -0.3535668643111966 -0.302692177377062 -0.2357864944775174 -0.15125681810431629 -0.049703313784597275 0.055836851018404521 0.17309881776622832 0.2752422305558998 0.38051875807043017 0.4705280903489491 0.55482822553223088 0.63446719360573856 0.70318816716671917 0.77574148105642116 0.83535441796310328 0.90653974777536905 0.97305392484270625 1.0554930066778456 1.1402565696774165 1.2394496414571743 1.3441170678303103 1.4486135780856215
-0.47629254342681709 -0.47629254342681709 -0.47629254342681709 -0.47629254342681709 -0.47629254342681709 -0.47627953962467812 -0.47627953962467812 -0.47627953962467812 -0.47627953962467812 -0.47627953962467812 -0.47627953962467812 -0.47627953962467812 -0.47626653621189202 -0.47626653621189202 -0.4762535331884355 -0.4762535331884355 -0.47624053055428528 -0.47622752830941795 -0.47621452645381029 -0.47618852391028055 -0.47617552322231194 -0.47613652349331143 -0.47609752726617971 -0.47604553774293529 -0.47598055958970975 -0.47588960650486378 -0.47575970656015615 -0.47557791188724763 -0.47531833714883859 -0.47495519296315475 -0.47444989047639424 -0.47375121005332177 -0.47276978236247008 -0.47137892614759269 -0.46942894026298393 -0.46664744544296805 -0.46268472688799028 -0.4569506393604667 -0.44867201199615409 -0.4366731996104159 -0.41922323407983864 -0.39447947656253113 -0.35926024955618641 -0.31153568289127198 -0.24864390027460628 -0.16966158781802718 -0.078792292417056126 0.022758194236769485 0.12639119161661455 0.22512828798208745 0.32576188531923023 0.4064550163034924 0.49742728010132425 0.56260211477845878 0.64222702781080931 0.70173200169799776 0.77479424173911615 0.84133443835121946 0.92121291442015951 1.0041923562597141 1.1043846712878835 1.2033864916604777 1.3120291800255359
-0.47707348495394203 -0.47707348495394203 -0.47707348495394203 -0.47707348495394203 -0.47707348495394203 -0.47706045774788469 -0.47706045774788469 -0.47706045774788469 -0.47706045774788469 -0.47706045774788469 -0.47706045774788469 -0.47704743093258301 -0.47704743093258301 -0.47704743093258301 -0.47703440450801349 -0.47703440450801349 -0.47702137847415271 -0.4770083528309772 -0.47698230271658831 -0.47696927824532814 -0.47694323047455905 -0.47690416174743222 -0.47685207557779635 -0.47679999565425357 -0.4767349045311115 -0.4766568080587012 -0.47653968967552834 -0.47638358094562927 -0.47617552322231194 -0.47591559115691351 -0.47557791188724763 -0.47509782053914101 -0.47444989047639424 -0.473505645128807 -0.47215107406528445 -0.4702104489003831 -0.46746218543984885 -0.46352994029834949 -0.45785953114408334 -0.4496493276983845 -0.43771903418547742 -0.4206051565983302 -0.39610897981644161 -0.36204020606057352 -0.31571132262784363 -0.25544104406095713 -0.18060085341826659 -0.09508979596972833 0.0033312585613267391 0.094121595840561387 0.197914303318418 0.27721943489443807 0.36761679213467563 0.43911154215972725 0.51533063603372686 0.58310805024113532 0.65310633992465683 0.72466082800575904 0.799884799781717 0.88380901342970319 0.97834945248657668 1.0787829601969634 1.1903877325529126
-0.47777753500374376 -0.47777753500374376 -0.47777753500374376 -0.47777753500374376 -0.47777753500374376 -0.47777753500374376 -0.47777753500374376 -0.47777753500374376 -0.47777753500374376 -0.47777753500374376 -0.47777753500374376 -0.47776448666201482 -0.47776448666201482 -0.47776448666201482 -0.47775143871231046 -0.47773839115460709 -0.47773839115460709 -0.47772534398888111 -0.47769925083326742 -0.47768620484333263 -0.4776601140390892 -0.47762098077143655 -0.47758185102967421 -0.47751664262698973 -0.47745144401373985 -0.47736018239584482 -0.47724287420211758 -0.47708651255077844 -0.47686509653457559 -0.47661776508821563 -0.47633155716958436 -0.47594157736376669 -0.4754740633736243 -0.47481261221241694 -0.47384171635393135 -0.4724345392922788 -0.47045415713827599 -0.46762786643212256 -0.46356782417798653 -0.45772245307230253 -0.44923369976718552 -0.43698193414874953 -0.4193943082092989 -0.39454410852662142 -0.3601550669184001 -0.3142761708178054 -0.25431637333578161 -0.18385816814971442 -0.098372788875934272 -0.013523865648284897 0.0812032393065754 0.16592654960909642 0.25166254998979437 0.33110322637649908 0.40380661054742251 0.47845105314714997 0.54530711646582408 0.62146709934684574 0.69252967155912293 0.77752831508255782 0.86676568579914137 0.96834750227384547 1.0772588636929481
-0.47843045244271004 -0.47843045244271004 -0.47843045244271004 -0.47843045244271004 -0.47843045244271004 -0.47843045244271004 -0.47843045244271004 -0.47843045244271004 -0.47843045244271004 -0.47843045244271004 -0.47843045244271004 -0.47843045244271004 -0.47843045244271004 -0.47841738446967269 -0.47841738446967269 -0.47840431688984048 -0.47840431688984048 -0.47839124970318958 -0.47836511650933727 -0.47835205050208857 -0.4783259196668278 -0.47829979040372483 -0.47826059945645255 -0.47820835036087656 -0.47814304782983058 -0.4780516407794661 -0.47793414569098464 -0.47777753500374376 -0.47754272481316679 -0.47725590688121594 -0.47696927824532814 -0.47657872562736836 -0.47618852391028055 -0.47564282982065648 -0.47487741584175114 -0.47378999615833572 -0.47227989896000677 -0.47014633787711924 -0.46710554860444853 -0.46277295585447786 -0.45652796829848796 -0.44752646930265655 -0.43460086928440245 -0.41616669004429041 -0.39037358007624795 -0.3552365497981716 -0.30843229956194296 -0.25027141215951149 -0.17884689557011296 -0.10068847816531563 -0.015643737853082065 0.07085025342757334 0.15155370454297554 0.23694013209448864 0.30633923251249778 0.38665945541419422 0.45018750189583723 0.52928916004335136 0.59700371270464525 0.68102403582972293 0.76692566612741953 0.86973614728851079 0.97424910238687623
-0.47904509114719079 -0.47904509114719079 -0.47904509114719079 -0.47904509114719079 -0.47904509114719079 -0.47904509114719079 -0.47904509114719079 -0.47904509114719079 -0.47904509114719079 -0.47904509114719079 -0.47904509114719079 -0.47904509114719079 -0.47903200466678653 -0.47903200466678653 -0.47903200466678653 -0.47903200466678653 -0.47901891858070184 -0.47900583288891291 -0.4789927475913961 -0.47897966268812747 -0.47895349406424009 -0.47892732701706076 -0.47888807940220396 -0.47884883533387163 -0.47878343643274318 -0.47870497074878676 -0.47860037188462434 -0.47846965872128899 -0.47824753659323577 -0.4779733071886505 -0.4776601140390892 -0.47725590688121594 -0.4768260348353569 -0.47630554761833221 -0.47561686148281662 -0.4746441680165337 -0.47335062300261938 -0.47162329115459256 -0.46918580649538438 -0.46585962095757133 -0.4610619936595261 -0.45427240303931082 -0.44450652259339773 -0.43055585975947647 -0.41087734979414892 -0.38366104514275162 -0.34690331353082449 -0.29935684606911411 -0.24011317504900886 -0.17012397902913062 -0.094652132523182234 -0.0095057506559154421 0.065617055726872459 0.15405861037697091 0.22099669714736833 0.30111684587563015 0.36651634384753529 0.44224452784795221 0.5126577188325977 0.59231002425577917 0.67777115068237803 0.77852747592709637 0.88162428011633398
-0.48013264597031691 -0.48013264597031691 -0.48013264597031691 -0.48013264597031691 -0.48013264597031691 -0.48013264597031691 -0.48013264597031691 -0.48013264597031691 -0.48013264597031691 -0.48013264597031691 -0.48013264597031691 -0.48013264597031691 -0.48013264597031691 -0.48013264597031691 -0.48013264597031691 -0.48013264597031691 -0.48013264597031691 -0.48011952667834062 -0.48011952667834062 -0.48010640778266372 -0.48009328928326217 -0.48006705347318973 -0.48004081924793157 -0.48000147088115269 -0.47996212607912936 -0.47989655932901565 -0.47981789229307359 -0.47971302507288388 -0.47956887397845877 -0.47938547812176407 -0.47912361831165812 -0.47878343643274318 -0.47833898488792664 -0.47782973229137654 -0.47717771667241632 -0.47631855219924685 -0.47512375785889932 -0.47369950063437061 -0.47170048762617545 -0.46922418698959023 -0.46583423104339261 -0.46130062045759318 -0.45503946753174368 -0.44625043629983296 -0.43401058664547915 -0.41685792614006845 -0.39338220226367798 -0.3615506800063456 -0.32074476521951811 -0.26804075195104915 -0.20893423018314947 -0.13776125345606999 -0.067729224100509605 0.0091958535195212961 0.08267768064811222 0.15594301797183674 0.22840035870300471 0.29730081277147957 0.37188024909155454 0.44370097357467064 0.52666229301046441 0.61938554588968464 0.72246115741498673
-0.48110457499330511 -0.48110457499330511 -0.48110457499330511 -0.48110457499330511 -0.48110457499330511 -0.48110457499330511 -0.48110457499330511 -0.48110457499330511 -0.48110457499330511 -0.48110457499330511 -0.48110457499330511 -0.48110457499330511 -0.48110457499330511 -0.48110457499330511 -0.48110457499330511 -0.48110457499330511 -0.48110457499330511 -0.48109142630858581 -0.48109142630858581 -0.48109142630858581 -0.48107827802194358 -0.48107827802194358 -0.48106513013335428 -0.48103883555023824 -0.48101254255904491 -0.48095996135165536 -0.48090738650964415 -0.48082853617834093 -0.48072342466771634 -0.48059207104426599 -0.48042137070601665 -0.48018512710169442 -0.47987033540038598 -0.47945096775197232 -0.47890116154639961 -0.47812998850184163 -0.47711256891688208 -0.47578568344097877 -0.47402278555893207 -0.47171335503894035 -0.46877662546697318 -0.46479452052941256 -0.4599083884674372 -0.45302572416671294 -0.44440984351975288 -0.43226803745193093 -0.41611008010353173 -0.39404884243512706 -0.36494875232853247 -0.32688689576176633 -0.28011376752824108 -0.22408386968576804 -0.16042768764364876 -0.094619730547397279 -0.020902542255657273 0.045127306568027103 0.12178956885929658 0.18443588830837046 0.25899625324891112 0.32539250001726344 0.40320634164480645 0.48918477457999809 0.59158767243879895
-0.48196009453181327 -0.48196009453181327 -0.48196009453181327 -0.48196009453181327 -0.48196009453181327 -0.48196009453181327 -0.48196009453181327 -0.48196009453181327 -0.48196009453181327 -0.48196009453181327 -0.48196009453181327 -0.48196009453181327 -0.48196009453181327 -0.48196009453181327 -0.48196009453181327 -0.48196009453181327 -0.48196009453181327 -0.48196009453181327 -0.48196009453181327 -0.48196009453181327 -0.48196009453181327 -0.48196009453181327 -0.48194691992027849 -0.48193374570839226 -0.48192057189613019 -0.48189422547038185 -0.48186788064283942 -0.48181519578159709 -0.48174934869150005 -0.48164401410890667 -0.48152554323336327 -0.48135447566968848 -0.48113087355707135 -0.48084167690609586 -0.48044762792983986 -0.47989655932901565 -0.47912361831165812 -0.4780516407794661 -0.47659173839106328 -0.47457939917953784 -0.47202228737259549 -0.4684316785910162 -0.46403533061157637 -0.45799665249601496 -0.4505185413168491 -0.4406201118166968 -0.42776753622525449 -0.41107873838199288 -0.38885046698920872 -0.36029442658281635 -0.32321496958079449 -0.27893169820284092 -0.22345861929830871 -0.16739529760505348 -0.10043117685943063 -0.038132974500674266 0.031610414723481327 0.094820380354799894 0.16217593653016257 0.22868260971296522 0.30144237957043368 0.38248532348655473 0.47743962061982376
-0.4835968515525968 -0.4835968515525968 -0.4835968515525968 -0.4835968515525968 -0.4835968515525968 -0.4835968515525968 -0.4835968515525968 -0.4835968515525968 -0.4835968515525968 -0.4835968515525968 -0.4835968515525968 -0.4835968515525968 -0.4835968515525968 -0.4835968515525968 -0.4835968515525968 -0.4835968515525968 -0.4835968515525968 -0.4835968515525968 -0.4835968515525968 -0.4835968515525968 -0.4835968515525968 -0.4835968515525968 -0.48358362719602688 -0.48358362719602688 -0.48358362719602688 -0.48357040324212897 -0.48355717969087869 -0.48353073379622291 -0.48349106797348335 -0.48343818584472359 -0.48335887472316941 -0.4832531490864953 -0.48310781834875843 -0.48290971841287678 -0.48263253022263081 -0.48227640516626441 -0.48176251731085251 -0.48106513013335428 -0.48005393616247083 -0.47863959350650953 -0.4766568080587012 -0.47390637526123786 -0.47017198115073927 -0.4651492638465865 -0.45842075605341909 -0.44994295178883226 -0.43845738738180468 -0.42493922789775274 -0.40647026465043828 -0.38471293724974986 -0.35577811943461152 -0.32108119854344402 -0.2776293660355752 -0.22872126451064625 -0.17301219464523468 -0.11406801271276708 -0.053606692990760235 0.0089406613770870742 0.068111617027303437 0.1320354383274987 0.19758376903577687 0.27218983145044068 0.35185426047875257
-0.48505399469199573 -0.48505399469199573 -0.48505399469199573 -0.48505399469199573 -0.48505399469199573 -0.48505399469199573 -0.48505399469199573 -0.48505399469199573 -0.48505399469199573 -0.48505399469199573 -0.48505399469199573 -0.48505399469199573 -0.48505399469199573 -0.48505399469199573 -0.48505399469199573 -0.48505399469199573 -0.48505399469199573 -0.48505399469199573 -0.48505399469199573 -0.48505399469199573 -0.48505399469199573 -0.48505399469199573 -0.48505399469199573 -0.48505399469199573 -0.48505399469199573 -0.48504072589127656 -0.48504072589127656 -0.48502745749594067 -0.48500092192131944 -0.48497438796793391 -0.48493459007723905 -0.48488153189545558 -0.48478869567219812 -0.48465610691161914 -0.48448380201671731 -0.4842320946915547 -0.48388788932284377 -0.48341174719485674 -0.48275130349888135 -0.48180202556486235 -0.48044762792983986 -0.47850886853956526 -0.47574671870238933 -0.47189353885928947 -0.46643128680542006 -0.45935774559034681 -0.44947813861075409 -0.4373622166582275 -0.42129204172976525 -0.40192113747058184 -0.37770306476123 -0.3478503945983471 -0.312462121125754 -0.26928230824062305 -0.2224499395686429 -0.16765717281992457 -0.1155898397489491 -0.056327449960035726 -0.003816799674339798 0.05488105486277179 0.11384311893748701 0.18329832107581198 0.25580298535369828
-0.48638292621212514 -0.48638292621212514 -0.48638292621212514 -0.48638292621212514 -0.48638292621212514 -0.48638292621212514 -0.48638292621212514 -0.48638292621212514 -0.48638292621212514 -0.48638292621212514 -0.48638292621212514 -0.48638292621212514 -0.48638292621212514 -0.48638292621212514 -0.48638292621212514 -0.48638292621212514 -0.48638292621212514 -0.48638292621212514 -0.48638292621212514 -0.48638292621212514 -0.48638292621212514 -0.48638292621212514 -0.48638292621212514 -0.48638292621212514 -0.48636961674760765 -0.48636961674760765 -0.48636961674760765 -0.48636961674760765 -0.48635630769096183 -0.48634299904216272 -0.48631638296800456 -0.48627646191499246 -0.48623654453125115 -0.48615672076888267 -0.48603701262800469 -0.48587745308353525 -0.4856382236294261 -0.48531945587501835 -0.48486826836278685 -0.48421885097784156 -0.48330600868757112 -0.48197326954302072 -0.48005393616247083 -0.47728197341275874 -0.47329896125487469 -0.46774260569500919 -0.459945957735925 -0.44950259006372922 -0.43577200118124487 -0.41789116360708084 -0.39662825089913817 -0.36879982890771584 -0.33867013216883485 -0.29923572808532817 -0.25877746954833081 -0.20963037847803334 -0.16217175603160047 -0.11049100638078777 -0.061080187755228263 -0.008800514579577064 0.044892383474359795 0.10751522565146454 0.17510574088701603
-0.48758245139916001 -0.48758245139916001 -0.48758245139916001 -0.48758245139916001 -0.48758245139916001 -0.48758245139916001 -0.48758245139916001 -0.48758245139916001 -0.48758245139916001 -0.48758245139916001 -0.48758245139916001 -0.48758245139916001 -0.48758245139916001 -0.48758245139916001 -0.48758245139916001 -0.48758245139916001 -0.48758245139916001 -0.48758245139916001 -0.48758245139916001 -0.48758245139916001 -0.48758245139916001 -0.48758245139916001 -0.48758245139916001 -0.48758245139916001 -0.48758245139916001 -0.48758245139916001 -0.48758245139916001 -0.48758245139916001 -0.48756910512353624 -0.48756910512353624 -0.48755575925804329 -0.48752906875734942 -0.48750237989687684 -0.48746234968114194 -0.48738230031708452 -0.48727559077831784 -0.48712890796067659 -0.48690231373494675 -0.48658261714149353 -0.48614341823478552 -0.48549209269796045 -0.48457657308081298 -0.48323993519143688 -0.48128869839097077 -0.47844352080897612 -0.47433336565457851 -0.46845722081780133 -0.46014638207494368 -0.44895276507544751 -0.43330330488353608 -0.41467465610549226 -0.38937177150198732 -0.36176040932524989 -0.32656435992673877 -0.28844583174983041 -0.24478089046125037 -0.19924856433601379 -0.15391041964201591 -0.10788312636867203 -0.062351738908561966 -0.013407393177789004 0.043087072166329142 0.10639490313042654
-0.48912001524388232 -0.48912001524388232 -0.48912001524388232 -0.48912001524388232 -0.48912001524388232 -0.48912001524388232 -0.48912001524388232 -0.48912001524388232 -0.48912001524388232 -0.48912001524388232 -0.48912001524388232 -0.48912001524388232 -0.48912001524388232 -0.48912001524388232 -0.48912001524388232 -0.48912001524388232 -0.48912001524388232 -0.48912001524388232 -0.48912001524388232 -0.48912001524388232 -0.48912001524388232 -0.48912001524388232 -0.48912001524388232 -0.48912001524388232 -0.48912001524388232 -0.48912001524388232 -0.48912001524388232 -0.48912001524388232 -0.48912001524388232 -0.48910662163447188 -0.48910662163447188 -0.48909322843810665 -0.48906644328440974 -0.48903965978258795 -0.48899948762667522 -0.4889325422899769 -0.48882545121107451 -0.48867824408229632 -0.48846421365504655 -0.48814336565776306 -0.48767588681431068 -0.48702226065658527 -0.48606361158571648 -0.48468262142561763 -0.48264572564935115 -0.4796737063926792 -0.47531833714883859 -0.46901953020406184 -0.46020903365425908 -0.44772124203017422 -0.43151666272834444 -0.40974906490884283 -0.38377662864030515 -0.35215754689656864 -0.31522642850070565 -0.27596182826541199 -0.23088125951167557 -0.19077033989145167 -0.14682520330524138 -0.10684323255750139 -0.063003975981368643 -0.012548254456651255 0.046612209068445508
-0.49054208543460204 -0.49054208543460204 -0.49054208543460204 -0.49054208543460204 -0.49054208543460204 -0.49054208543460204 -0.49054208543460204 -0.49054208543460204 -0.49054208543460204 -0.49054208543460204 -0.49054208543460204 -0.49054208543460204 -0.49054208543460204 -0.49054208543460204 -0.49054208543460204 -0.49054208543460204 -0.49054208543460204 -0.49054208543460204 -0.49054208543460204 -0.49054208543460204 -0.49054208543460204 -0.49054208543460204 -0.49054208543460204 -0.49054208543460204 -0.49054208543460204 -0.49054208543460204 -0.49054208543460204 -0.49054208543460204 -0.49054208543460204 -0.49054208543460204 -0.49052864789745149 -0.49052864789745149 -0.49051521077605981 -0.49048833778045053 -0.49046146644756838 -0.49042116256540835 -0.49035399773919647 -0.49024655561800567 -0.49009886608909298 -0.48987071737809817 -0.48954882898543484 -0.48906644328440974 -0.48837060850116798 -0.48735562047422665 -0.48587745308353525 -0.48370266090429653 -0.48048701674237415 -0.47578568344097877 -0.46899395488564549 -0.45927020764935839 -0.4458501704491315 -0.42768613907725062 -0.40412916789712822 -0.37597587535213856 -0.34017884194429499 -0.30460589170889008 -0.25908492351871748 -0.22321893641331803 -0.18147719799686401 -0.14493536502455359 -0.10542919640102967 -0.060820328669172752 -0.0075260143803365714
-0.49187446391680079 -0.49187446391680079 -0.49187446391680079 -0.49187446391680079 -0.49187446391680079 -0.49187446391680079 -0.49187446391680079 -0.49187446391680079 -0.49187446391680079 -0.49187446391680079 -0.49187446391680079 -0.49187446391680079 -0.49187446391680079 -0.49187446391680079 -0.49187446391680079 -0.49187446391680079 -0.49187446391680079 -0.49187446391680079 -0.49187446391680079 -0.49187446391680079 -0.49187446391680079 -0.49187446391680079 -0.49187446391680079 -0.49187446391680079 -0.49187446391680079 -0.49187446391680079 -0.49187446391680079 -0.49187446391680079 -0.49186098509176895 -0.49186098509176895 -0.49186098509176895 -0.49186098509176895 -0.49184750668505484 -0.49183402869663251 -0.49182055112647599 -0.49179359724085664 -0.49173969448766552 -0.49167232545287543 -0.49156455672949523 -0.49140295376993148 -0.49116066202442499 -0.49081092352663291 -0.49030027335602566 -0.48954882898543484 -0.48843746726662218 -0.48682236752095709 -0.48441754910177387 -0.48088110147517388 -0.47569477115507663 -0.46816357586713558 -0.45742352373947037 -0.44256498600185296 -0.42211774049174444 -0.39744085697509557 -0.36405405602031132 -0.33119490258818379 -0.28928198011457973 -0.25313237214957052 -0.21484106857190804 -0.17863715796139876 -0.14220932339040832 -0.1019717839199646 -0.054733344728054988
-0.49311630887109348 -0.49311630887109348 -0.49311630887109348 -0.49311630887109348 -0.49311630887109348 -0.49311630887109348 -0.49311630887109348 -0.49311630887109348 -0.49311630887109348 -0.49311630887109348 -0.49311630887109348 -0.49311630887109348 -0.49311630887109348 -0.49311630887109348 -0.49311630887109348 -0.49311630887109348 -0.49311630887109348 -0.49311630887109348 -0.49311630887109348 -0.49311630887109348 -0.49311630887109348 -0.49311630887109348 -0.49311630887109348 -0.49311630887109348 -0.49311630887109348 -0.49311630887109348 -0.49311630887109348 -0.49310279144942926 -0.49310279144942926 -0.49310279144942926 -0.49310279144942926 -0.49310279144942926 -0.49310279144942926 -0.49308927444848194 -0.49307575786822522 -0.49304872596967897 -0.49302169575358118 -0.49296764036789315 -0.49290008059582607 -0.49277849948433855 -0.49260294239104968 -0.49234648653501195 -0.4919553456531186 -0.49138948957058753 -0.49055552338753722 -0.48932096896779004 -0.48750237989687684 -0.48481521828247864 -0.48082853617834093 -0.47498112176592694 -0.46650756580480879 -0.45449495964700715 -0.43752869502253117 -0.41604215791354293 -0.38702551925139855 -0.35555156269637905 -0.31734057582056485 -0.28041185904499694 -0.24522369756562892 -0.20919427624554426 -0.17582207991381515 -0.13891385460161287 -0.097284753628831711
