EMBER_HYDROGEN_DOMINATED_ATMOSPHERE 1
source "Gas atmospheres from 4600 K to 6000 K at high gravity"
approximation "Gas opacity and trace atmospheric helium; match at optical depth 100. New columns use the same fine opacity grid. Original 4600–4800 K, log g = 5.9–6.1 values are exact; new internal knots interpolate solved columns. Metallicity coverage remains 0 to 1e-20. See sources.json."
basis baryon_mass
tau 100
maximum_helium 0.005
source_helium 1e-10
metal_pattern 0.20138655436774022 0.0022627702737948339 0.055673552701166383 0.4606771226572986 0.27999999999999997
metallicity 2 0 9.9999999999999995e-21
log_teff 8 3.6627578316815739 3.6651117370750512 3.667452952889954 3.6720978579357175 3.6812412373755872 3.6989700043360187 3.7323937598229686 3.7781512503836434
log_g 6 5.9000000000000004 5.9500000000000002 6 6.0499999999999998 6.0999999999999996 6.2000000000000002
data
3.7609287098217234 7.8684236727642372
3.7608359628638515 7.914983973837229
3.7607757844543173 7.9617199002588697
3.7607802485257009 8.0081504722422086
3.7608253598478796 8.0546807255250847
3.761124967479792 8.148383777676937
3.7639914721015963 7.8301773894297479
3.7638620863671353 7.8767443140784401
3.7637327006326742 7.9233112387271314
3.76363710400042 7.9700478363497016
3.7635415073681662 8.0167844339722727
3.7636571026693577 8.11049369640725
3.7672428941996015 7.7919059536479889
3.7669582853421382 7.8385077933140614
3.7666736764846749 7.885109632980134
3.7665358396081317 7.9319495211592015
3.766398002731588 7.978789409338269
3.7663144521329168 8.0723928688112991
3.774582034361909 7.7253116417419356
3.7739783366103268 7.7661430024464497
3.7733746388587446 7.8069743631509647
3.7730037336565547 7.853815606369583
3.7726328284543649 7.9006568495882004
3.7721971039002957 7.9948899707165308
3.7902820540113162 7.5780713094389949
3.7894853075815513 7.6177846580862942
3.7886885611517869 7.6574980067335936
3.7878007400388638 7.7038995179406022
3.7869129189259407 7.7503010291476109
3.7886085403288852 7.8483505428012164
3.8323409387545402 7.2965075316617964
3.8301922779371216 7.3407171356426755
3.828043617119703 7.3849267396235545
3.8260651800859002 7.4296149391327546
3.8240867430520975 7.4743031386419538
3.8204298744255203 7.564214531044211
3.9049399774916602 6.9098549217184546
3.9040747575516477 6.9475104704932615
3.9032095376116351 6.9851660192680676
3.9022204310881849 7.0233465821161172
3.9012313245647348 7.0615271449641668
3.8989299696091999 7.1389638911790625
3.9650929345875245 6.5541508308136267
3.9651343589333257 6.5894656464351868
3.9651757832791268 6.6247804620567461
3.9652166773097415 6.6597833290285759
3.9652575713403566 6.6947861960004067
3.9652745490833534 6.7654272404063658
3.7609287098217234 7.8684236727642372
3.7608359628638515 7.914983973837229
3.7607757844543173 7.9617199002588697
3.7607802485257009 8.0081504722422086
3.7608253598478796 8.0546807255250847
3.761124967479792 8.148383777676937
3.7639914721015963 7.8301773894297479
3.7638620863671353 7.8767443140784401
3.7637327006326742 7.9233112387271314
3.76363710400042 7.9700478363497016
3.7635415073681662 8.0167844339722727
3.7636571026693577 8.11049369640725
3.7672428941996015 7.7919059536479889
3.7669582853421382 7.8385077933140614
3.7666736764846749 7.885109632980134
3.7665358396081317 7.9319495211592015
3.766398002731588 7.978789409338269
3.7663144521329168 8.0723928688112991
3.774582034361909 7.7253116417419356
3.7739783366103268 7.7661430024464497
3.7733746388587446 7.8069743631509647
3.7730037336565547 7.853815606369583
3.7726328284543649 7.9006568495882004
3.7721971039002957 7.9948899707165308
3.7902820540113162 7.5780713094389949
3.7894853075815513 7.6177846580862942
3.7886885611517869 7.6574980067335936
3.7878007400388638 7.7038995179406022
3.7869129189259407 7.7503010291476109
3.7886085403288852 7.8483505428012164
3.8323409387545402 7.2965075316617964
3.8301922779371216 7.3407171356426755
3.828043617119703 7.3849267396235545
3.8260651800859002 7.4296149391327546
3.8240867430520975 7.4743031386419538
3.8204298744255203 7.564214531044211
3.9049399774916602 6.9098549217184546
3.9040747575516477 6.9475104704932615
3.9032095376116351 6.9851660192680676
3.9022204310881849 7.0233465821161172
3.9012313245647348 7.0615271449641668
3.8989299696091999 7.1389638911790625
3.9650929345875245 6.5541508308136267
3.9651343589333257 6.5894656464351868
3.9651757832791268 6.6247804620567461
3.9652166773097415 6.6597833290285759
3.9652575713403566 6.6947861960004067
3.9652745490833534 6.7654272404063658
