EMBER_HYDROGEN_DOMINATED_ATMOSPHERE 1
source "72 actual canonical gas atmospheres; helium mass 1e-10"
approximation "Neglect trace atmospheric helium in matching temperature and gas pressure; retain actual stellar EOS composition"
basis baryon_mass
tau 100
maximum_helium .001
source_helium 1e-10
metal_pattern 0.20138655436774022 0.0022627702737948339 0.055673552701166383 0.4606771226572986 0.27999999999999997
metallicity 3 0 1e-08 9.9999999999999995e-07
log_teff 6 3.6720978579357175 3.6812412373755872 3.716003343634799 3.7323937598229686 3.7481880270062002 3.7781512503836434
log_g 4 5.5 5.7999999999999998 5.9000000000000004 5.9500000000000002
data
3.7821985758240277 7.3609454957934632
3.7757839092301482 7.632134489939908
3.774582034361909 7.7253116417419356
3.7740729414016227 7.7720471787908458
3.8028953528075484 7.2176593471306987
3.7929285930669518 7.4885878259583327
3.7902820540113162 7.5780713094389949
3.7891629056474301 7.6234958346482928
3.8823136724485128 6.7730582312246614
3.8752374847423927 7.0066321761768524
3.8720944997431794 7.0877728901826691
3.8703521104617487 7.1288955639747682
3.9086356517369318 6.622804046335431
3.9052894574696149 6.8418104801310751
3.9038529261200194 6.9161614008832188
3.9029522530988023 6.9540923925052711
3.9300169835613166 6.4937758037501734
3.9285888822558692 6.7083197067298679
3.9279371051109808 6.7800902947741246
3.9275455531443941 6.816122456867693
3.9647692944346677 6.2701194295478846
3.9648384649402986 6.4841472006084562
3.9648631034538222 6.5553952928818155
3.9648942241644205 6.5916494879272687
3.782242936484701 7.3604243086064551
3.7758315396597224 7.6314978612951228
3.7746226678122166 7.7247019486515462
3.774114604750288 7.771422280849829
3.8029314758578057 7.2172369549938704
3.7929680447038736 7.488135057846864
3.7903237578587721 7.577580264105678
3.7892019981649647 7.6229922186531516
3.8822484918657998 6.7726272645089844
3.8751862573998643 7.0061934854183994
3.8720475272402317 7.0873337409347688
3.8703083543034285 7.1284544402237211
3.9085318240514475 6.6223053805819951
3.9051745715213353 6.8412816762665321
3.9037367680095012 6.9156225440953873
3.9028389636387808 6.9535554262595101
3.9298875826471282 6.4932388052600185
3.9284348023809859 6.7077231723788744
3.9277746583632704 6.7794521712234417
3.9273801544348341 6.8154689841055376
3.96467344654994 6.2695621236058194
3.9646832121322668 6.483440740164145
3.9646934883344049 6.5546537981815538
3.964716522212878 6.5908791410983589
3.7836020449831755 7.347858527084056
3.7770893746978267 7.6160396723450008
3.7758581006685055 7.7077657528741721
3.7753800495382084 7.7539050300557424
3.8042018001201279 7.2080273905645331
3.7941965257747716 7.4775305210342875
3.7915322158199696 7.5662663298922173
3.7903729661041572 7.6110006270544268
3.8828512351032152 6.7685958164554174
3.8759328694779067 7.0016333207374792
3.8728176282403317 7.0825774858005888
3.8711038126246375 7.1235172154113551
3.9089723904574103 6.6191341893808966
3.9056644108688379 6.8380991132730067
3.9042288431993155 6.9122837100889303
3.9033542996135573 6.9501653846687255
3.9302035711935179 6.4907917525704377
3.9287699618460796 6.7053330631743551
3.9281195918344056 6.7770016223844989
3.9277401328126871 6.8129050442670049
3.9649188015483956 6.2674220352364554
3.9649227726420078 6.4814592426089046
3.9649544757054884 6.5526611921484612
3.9649672251738246 6.5889013926256021
