EMBER_TRACE_HELIUM_ATMOSPHERE 1
source "Actual GS98 nearly pure hydrogen gas atmosphere sources"
approximation "Neglect measured trace-He3 effect in atmospheric T/Pgas only; EOS uses actual isotope composition; no grains"
basis baryon_mass
tau 100
maximum_helium3 0.0003
metal_pattern 0.20138655436774022 0.0022627702737948339 0.055673552701166383 0.4606771226572986 0.27999999999999997
hydrogen 3 0.999 0.99950000000000006 0.99999000000000005
metallicity 3 1e-08 9.9999999999999995e-08 9.9999999999999995e-07
log_teff 3 3.6627578316815739 3.6812412373755872 3.716003343634799
log_g 3 5.4000000000000004 5.5 5.6500000000000004
data
1 3.7668007603815248 7.4194486762239045
1 3.7650361739290967 7.5089188931690831
1 3.7631811949903429 7.6452538301022779
1 3.8070311993032511 7.1267859417466504
1 3.802926397099669 7.2176158538163566
1 3.797506617199959 7.3538035898565468
1 3.8839746081238475 6.6976206588587708
1 3.8822454439523391 6.7729719181783601
1 3.8791087460024438 6.8879961096497526
1 3.7670742529433134 7.416686883826209
1 3.7652830059271549 7.5061693336125357
1 3.7634087981379536 7.6421973414544144
1 3.8072522025603899 7.1252753191772573
1 3.803143482021377 7.2160440322631878
1 3.7977251422709499 7.3521550023190425
1 3.8840938506233731 6.6968451410961904
1 3.8823638766653668 6.7722067979311991
1 3.8792367949338669 6.8871725640809416
1 3.7682853066969191 7.4035795218158507
1 3.7665237991876066 7.4921554648639228
1 3.7645611462006818 7.6263444510807643
1 3.8082678537049328 7.1181378003547842
1 3.8041952726187858 7.2084034419023615
1 3.7987715570729512 7.3439313237132176
1 3.8845750479145575 6.6935846146014324
1 3.8828496375335999 6.768934827970619
1 3.8797795964741759 6.883698789686143
1 3.7668332127925201 7.419076572950015
1 3.7650487768212013 7.5086253232112981
1 3.7631799222107674 7.6450659789468514
1 3.8070349746098668 7.1265958109060499
1 3.8029289337953061 7.2174264044783616
1 3.7975092989253572 7.3536176007276959
1 3.8839760779047006 6.697450126459759
1 3.8822469767839807 6.7727995289836693
1 3.8791101926991534 6.8878217068987011
1 3.767074486266651 7.4165079040116391
1 3.7652816357039178 7.5060069334651756
1 3.7634074179074362 7.6420109330037072
1 3.8072558822204701 7.1250854063656748
1 3.8031458813562944 7.2158549796742815
1 3.7977276632216137 7.351969225823729
1 3.8840952592994866 6.6966745199852893
1 3.8823651096643292 6.7720357961680078
1 3.8792381936689382 6.8869981568776373
1 3.7686125556901593 7.4021248629291225
1 3.766524003016035 7.4919786869054246
1 3.7648036109843614 7.6248850905729597
1 3.8087672050165495 7.1168147710634209
1 3.8041985403825476 7.2082152316500094
1 3.7991594550935526 7.3422265763643715
1 3.88498999672208 6.6942195403640703
1 3.8828504464407096 6.7687650858190898
1 3.8802292641139169 6.8838720972534935
1 3.7668328718214283 7.4189042411898463
1 3.7650493790500366 7.5084479684107031
1 3.763178678767447 7.6448819416737077
1 3.80703867940636 7.1264094969186784
1 3.8029314148391227 7.2172408032749065
1 3.7975119307369569 7.3534353005798234
1 3.8839777237944135 6.6972818296755516
1 3.8822484781213089 6.7726306173392583
1 3.8791116139877304 6.8876508061955386
1 3.7670747151243229 7.4163325774304916
1 3.7652820260288471 7.5058316147918056
1 3.763406077693304 7.6418282137953168
1 3.8072594420831902 7.1248996100866488
1 3.8031482276775002 7.2156697668739271
1 3.7977301364635068 7.3517871394609307
1 3.8840968448513267 6.6965061337943359
1 3.8823663166310025 6.7718682478588033
1 3.8792395654935978 6.8868272653459854
1 3.7683063821662515 7.4031710373668442
1 3.7665235646839275 7.4918114371175246
1 3.764580147676118 7.6258496135976372
1 3.8082724432998809 7.1177749011584561
1 3.8042017328824 7.2080308294751427
1 3.7987770605116276 7.3435518836294653
1 3.8845773991742543 6.6932457420229889
1 3.882851236748472 6.7685987833256709
1 3.8797843055425232 6.8833600772564223
