EMBER_METAL_ATMOSPHERE_RESPONSE 1
source "Retained paired gas-atmosphere matching states; provenance in recovery.json"
approximation "Linear-in-Z logarithmic T/Pgas response, separable He3 <= .003, GS98 ratios"
basis baryon_mass
reference_Z 0.001
source_Z 0.00050000000000000001
maximum_helium3 .003
tau 100
hydrogen 3 0.29999999999999999 0.90000000000000002 0.93999999999999995
log_teff 2 3.6020599913279625 3.6434526764861874
log_g 3 4.9000000000000004 5.1500000000000004 5.4000000000000004
data
1 -0.044523377895188787 0.33900296700457844
1 -0.030474026152935707 0.33437720100127066
1 -0.019929944140736566 0.33032487678331535
1 -0.043117938375839771 0.28935104108970755
1 -0.046421939994598205 0.30328886884784545
1 -0.048585072305202814 0.31311708543493921
1 -0.023951435484022454 0.3124003560317874
1 -0.016053259857132574 0.30608079979766956
1 -0.010791322803495262 0.30364289138325162
1 -0.048211090624064923 0.29737867725699019
1 -0.049702419162189315 0.30520331008406743
1 -0.045835086911072409 0.30307233927362631
1 -0.023700611515231174 0.31058811431033817
1 -0.015859188155513237 0.30478681333971025
1 -0.010747205372357627 0.30217899476858179
1 -0.048219806881199645 0.29690446494178602
1 -0.049573330981770525 0.30444915278136619
1 -0.045576296769082703 0.30122060569883047
