EMBER_METAL_ATMOSPHERE_RESPONSE 1
source "Retained paired gas-atmosphere matching states; provenance in recovery.json"
approximation "Linear-in-Z logarithmic T/Pgas response, separable He3 <= .003, GS98 ratios"
basis baryon_mass
reference_Z 0.0025000000000000001
source_Z 0.001
maximum_helium3 .003
tau 100
hydrogen 3 0.29999999999999999 0.90000000000000002 0.93999999999999995
log_teff 2 3.6020599913279625 3.6434526764861874
log_g 3 4.9000000000000004 5.1500000000000004 5.4000000000000004
data
1 -0.075909502483202829 0.49463282289507227
1 -0.064398508886002404 0.47749128948425934
1 -0.045128085162335907 0.46847066477874222
1 -0.052881447328253728 0.37838263522341364
1 -0.057872985746445949 0.39856838234481984
1 -0.062534455135784484 0.41831914765085187
1 -0.05247464128054169 0.45069694703198238
1 -0.032548476666441672 0.44296033259722378
1 -0.020845272263189329 0.43582580270800264
1 -0.061055986377532179 0.39339649387485487
1 -0.067408398954032833 0.41554135557485949
1 -0.070274796983566645 0.42724436786779663
1 -0.051562071779761354 0.44941773022134868
1 -0.032028273360239723 0.44118906593061169
1 -0.020430550058410546 0.43489792024551832
1 -0.061156683410985124 0.39326165164225557
1 -0.067580919500608516 0.41549583184444216
1 -0.070200679476426942 0.42676865172022005
