EMBER_METAL_ATMOSPHERE_RESPONSE 1
source "Retained paired gas-atmosphere matching states; provenance in recovery.json"
approximation "Linear-in-Z logarithmic T/Pgas response, separable He3 <= .003, GS98 ratios"
basis baryon_mass
reference_Z 0.0050000000000000001
source_Z 0.0025000000000000001
maximum_helium3 .003
tau 100
hydrogen 3 0.29999999999999999 0.90000000000000002 0.93999999999999995
log_teff 3 3.5563025007672873 3.6020599913279625 3.6434526764861874
log_g 3 4.9000000000000004 5.1500000000000004 5.4000000000000004
data
1 -0.032450324436137379 0.40612262450773429
1 -0.021128697277291053 0.39436787719720812
0
1 -0.064935734399947265 0.38537632680491107
1 -0.064119866886779064 0.39274545523030291
1 -0.054053470364127776 0.38606425571401104
1 -0.036642703695205725 0.28463485995007787
1 -0.039595185322713888 0.2991591345444693
1 -0.044107188543373255 0.31340909173167475
1 -0.01185765044717968 0.36361142108967925
1 -0.0081876050761433561 0.35770670307087826
0
1 -0.062434243263400191 0.37328000587504917
1 -0.044312244367212372 0.35360252063831332
1 -0.026365775087432652 0.35224050972200516
1 -0.041746433064359323 0.29086008730782709
1 -0.046984483044646197 0.31064671838732139
1 -0.052583373489200724 0.32860267695669876
0
0
0
1 -0.06189465004491268 0.3716556831785347
1 -0.043354447906015281 0.35286966790271457
1 -0.025797085335323544 0.35107778062154082
1 -0.041848869137067979 0.29057501980534006
1 -0.04705934402230838 0.31079498516997006
1 -0.052830978551384078 0.32873396027623514
