EMBER_METAL_ATMOSPHERE_RESPONSE 1
source "Actual paired atmosphere sources at Z=1e-05/0.0001"
approximation "Linear-in-Z logarithmic T and gas-pressure response; separable small-He3 dependence"
basis baryon_mass
reference_Z 0.0001
source_Z 1.0000000000000001e-05
maximum_helium3 0.0003
tau 100
hydrogen 2 0.995 0.99950000000000006
log_teff 4 3.6434526764861874 3.6627578316815739 3.6812412373755872 3.716003343634799
log_g 3 5.1500000000000004 5.4000000000000004 5.6500000000000004
data
1 -0.048169845643213895 0.505056158000599
1 -0.040848048612783648 0.51102106250185375
1 -0.033805627400811528 0.53624040923899241
1 -0.0580996050721031 0.39670046814032739
1 -0.05078008115400745 0.41813403643003266
1 -0.044216176948317913 0.42916378517079662
1 -0.044006845553823816 0.27377849627026413
1 -0.048530248697865402 0.30075861041367347
1 -0.047935031981495561 0.32777376103570799
1 -0.016645688443643839 0.11619400606484308
1 -0.018762310398869948 0.12539871433574476
1 -0.021168163575646732 0.13736665436807793
1 -0.048076240417884608 0.50431710956528519
1 -0.040788529232118731 0.51017935236429324
1 -0.033760175428453096 0.53549495720005424
1 -0.057978496431505912 0.39570360570335322
1 -0.050674010685659444 0.41733426410619134
1 -0.044137077673793816 0.42838866273224241
1 -0.04387522068304326 0.27303242974807257
1 -0.04838641623578957 0.29986985889989271
1 -0.047827213196718767 0.32698653368415614
1 -0.016584959967131458 0.11580356668514824
1 -0.018712186751987124 0.12498441092696487
1 -0.02110271591726234 0.13691376810455233
