EMBER_METAL_ATMOSPHERE_RESPONSE 1
source "Actual paired atmosphere sources at Z=1e-06/1e-05"
approximation "Linear-in-Z logarithmic T and gas-pressure response; separable small-He3 dependence"
basis baryon_mass
reference_Z 1.0000000000000001e-05
source_Z 9.9999999999999995e-07
maximum_helium3 0.0003
tau 100
hydrogen 2 0.995 0.99950000000000006
log_teff 4 3.6434526764861874 3.6627578316815739 3.6812412373755872 3.716003343634799
log_g 3 5.1500000000000004 5.4000000000000004 5.6500000000000004
data
1 -0.014696190646773693 0.18424918834646672
1 -0.013255920018190523 0.21222510948907919
0
1 -0.01389448001276423 0.11819881712016325
1 -0.012824024604810812 0.13071770709150615
1 -0.011910629364134371 0.14968155426464955
1 -0.010442225295419138 0.066695123780421486
1 -0.011570312581771056 0.076813730155187429
1 -0.011423821148532813 0.087000808151717721
1 -0.0039042641069429421 0.027710804552251427
1 -0.0044033338799493874 0.029922535780732611
1 -0.0050336359185579249 0.032921410371118467
1 -0.014648713035791584 0.18373947672056448
1 -0.013223569377114249 0.21160041860526838
0
1 -0.013858645278277936 0.11773828340406924
1 -0.012780114997598364 0.13028376924367185
1 -0.011885731192238666 0.14905432885852565
1 -0.010402133832757407 0.066434084602690222
1 -0.011544099073530368 0.07645265170691222
1 -0.011394504601046442 0.086686305213458312
1 -0.0038865377501160247 0.027583435751108155
1 -0.0043928481528308387 0.029849349065058203
1 -0.0050174002002875756 0.032825427562812502
