EMBER_COMPOSITION_ATMOSPHERE 2
source "Retained TLUSTY/SYNSPEC matching states; provenance in recovery.json"
approximation "LTE gas, GS98 metal ratios, effective isotope masses; no grains or irradiation"
basis baryon_mass
tau 100
metals 0.00020138655436774023 2.2627702737948343e-06 5.5673552701166397e-05 0.00046067712265729848 0.00027999999999999998
hydrogen 4 0.90000000000000002 0.93999999999999995 0.97999999999999998 0.995
helium3 2 0 0.0030000000000000001
log_teff 5 3.6020599913279625 3.6232492903979003 3.6434526764861874 3.6627578316815739 3.6812412373755872
log_g 3 4.9000000000000004 5.1500000000000004 5.4000000000000004
data
1 3.746127355458003 7.0002074371056375
1 3.7388598672702611 7.1901167280444227
1 3.7346029321994423 7.3727493781143556
1 3.7967876018149469 6.7942500292470518
1 3.7821372274510239 7.0059553978876385
1 3.771034318177696 7.2080222357396897
1 3.8401250822106454 6.5931353210810855
1 3.8288067791575986 6.8011859037712208
1 3.8156926453972839 7.0124266473716403
0
0
0
0
0
0
1 3.7461486988431787 7.0001931068978696
1 3.7388736161809386 7.1901050664650255
1 3.7346146689885775 7.3727443390704988
1 3.7968072425197277 6.7942174096658272
1 3.7821570644088904 7.0059265223491334
1 3.7710511219620253 7.2080013539026551
1 3.8401528638421962 6.5931573535086114
1 3.8288337030322919 6.8011777208221806
1 3.815710771729143 7.0123991183428407
0
0
0
0
0
0
1 3.7452468364827531 6.9955389425426624
1 3.7381204902479466 7.1853605068607918
1 3.7339863054771207 7.3681941083154898
1 3.7955233636316894 6.7888979210490117
1 3.7809885347495764 7.0006433138192001
1 3.7700491374494658 7.2025022912559544
1 3.8390103640546673 6.5866399482487692
1 3.8276055760516052 6.7951294813825509
1 3.8144671013104348 7.0066788535127449
0
1 3.8621188209270825 6.6265965000116926
1 3.8538346206220484 6.8246606300494292
0
1 3.8862227525677731 6.4988529370015193
1 3.8820525165145239 6.6828942703526932
1 3.7452633043390726 6.9955205917300507
1 3.7381336115462673 7.1853492581912182
1 3.7339975365695306 7.36818912087758
1 3.7955424375196865 6.7888662396458885
1 3.7810076648549495 7.0006160456116531
1 3.7700651354076284 7.2024817159328309
1 3.8390204918613504 6.5866330735909617
1 3.8276200579166377 6.7951095030927338
1 3.814484628595177 7.0066514963537498
0
1 3.8621256501536796 6.6266022384825147
1 3.8538451125142692 6.8246539676676816
0
1 3.8862251101132634 6.4988759535631377
1 3.8820572358347678 6.6829086368008843
1 3.7444379018305591 6.9910236050441616
1 3.7374339782238435 7.1807316932916327
1 3.7334113620143725 7.3637511151715858
1 3.7943387008442504 6.7837264918495235
1 3.779925830086992 6.9955292817230719
1 3.7691389223894034 7.1971457674010626
1 3.8379378389954666 6.5803635731769745
1 3.8264572704722593 6.7892762068641668
1 3.8133207214415088 7.001102713347624
0
1 3.8611499798263074 6.6195733352341284
1 3.8527840395854898 6.8180186139781096
0
1 3.8853827241839149 6.4908920188998733
1 3.8811826754308605 6.6751870869820857
1 3.7444536909968158 6.9910063311446686
1 3.737446512395866 7.1807208813680159
1 3.7334220625470929 7.3637458899802422
1 3.7943572164499435 6.7836957692297215
1 3.7799442155907896 6.9955033446248507
1 3.7691541856461974 7.1971258319418006
1 3.8379477946292422 6.5803563739650084
1 3.8264713855743926 6.7892562129000531
1 3.8133376978033353 7.001076104434417
0
1 3.8611566947371445 6.619578488388469
1 3.8527943043479769 6.8180118663895612
0
1 3.8853849607457809 6.490914844123524
1 3.8811872819914481 6.6752010082242537
0
0
0
0
0
0
0
1 3.8260490035750574 6.7871378178667134
1 3.8129095718052533 6.9990821667864234
0
1 3.8607999607954686 6.6169849541976831
1 3.852401387778869 6.8156018965663154
0
1 3.8850892536268176 6.4879913173316739
1 3.8808768217349763 6.6723977838547421
0
0
0
0
0
0
0
1 3.8260629538190747 6.78711804753297
1 3.8129262673422635 6.9990561915202365
0
1 3.860806579344469 6.6169902197832489
1 3.8524115509715875 6.815595164746739
0
1 3.8850915229925294 6.4880135114776811
1 3.8808814197529444 6.6724113117061137
