EMBER_COMPOSITION_ATMOSPHERE 2
source "Actual near-pure-H gas atmospheres at Z=.0001"
approximation "LTE plane-parallel gas; GS98 metal pattern; small-He3 isotope approximation; no grains"
basis baryon_mass
tau 100
metals 2.0138655436774024e-05 2.2627702737948341e-07 5.5673552701166381e-06 4.6067712265729854e-05 2.8e-05
hydrogen 2 0.995 0.99950000000000006
helium3 2 0 0.00029999999999999997
log_teff 4 3.6434526764861874 3.6627578316815739 3.6812412373755872 3.716003343634799
log_g 3 5.1500000000000004 5.4000000000000004 5.6500000000000004
data
1 3.7691494141783357 7.1740439122167539
1 3.7646159727052759 7.3791040967164374
1 3.7620392246961876 7.5776357589132388
1 3.8059190747674374 6.9539871815674861
1 3.7962375194896461 7.1653399550892676
1 3.7891950191312662 7.3751104607542235
1 3.8435154714502247 6.7512248176055758
1 3.8348422604558787 6.9545178456901366
1 3.8249281341029531 7.1637384300948579
1 3.8974727068836588 6.448440732522239
1 3.8950394860037107 6.6282890491183855
1 3.8915929334158075 6.8114686372637774
1 3.7691485960845488 7.1740378047308386
1 3.7646138560979829 7.3791097859055768
1 3.7620399375663198 7.5776337450500826
1 3.8059190406056711 6.9539908849095422
1 3.7962409725176323 7.1653285423547226
1 3.7892025539845284 7.3750892614863108
1 3.8435161721923903 6.7512253412189827
1 3.8348420411620459 6.9545232937821106
1 3.824934483473589 7.1637090948173121
1 3.8974727257231323 6.4484439175974835
1 3.8950462411808853 6.6282976857055624
1 3.8915965130489103 6.8114655230644727
1 3.7690730799606214 7.1731220926201118
1 3.7645452453299324 7.3782323217125727
1 3.7619716776444534 7.5767752720768504
1 3.8058566186950169 6.9529584037470658
1 3.7961703323283933 7.1642973728545662
1 3.7891340077355999 7.3741047857113831
1 3.8434699759192599 6.7500538496661324
1 3.8347946971130056 6.9533799812909081
1 3.8248791203419534 7.1625707451178844
1 3.8974503472816524 6.4471045172440267
1 3.8950243858854248 6.6269760927872019
1 3.8915730864104408 6.8101553012124612
1 3.7690741018404395 7.1731197286123507
1 3.764546108314776 7.3782302695196522
1 3.7619723814931976 7.5767733132183723
1 3.8058578422911555 6.9529567643636803
1 3.7961715038573156 7.1642953256617421
1 3.7891350353131799 7.3741028213378499
1 3.8434706735437465 6.7500543059411946
1 3.8347956891168842 6.953379356963592
1 3.8248802695796766 7.1625692649943664
1 3.8974503626190757 6.4471077016118103
1 3.8950245135411565 6.6269788498683084
1 3.8915733630956972 6.8101574759255454
