EMBER_COMPOSITION_ATMOSPHERE 2
source "Retained TLUSTY/SYNSPEC matching states; provenance in recovery.json"
approximation "LTE gas, GS98 metal ratios, effective isotope masses; no grains or irradiation"
basis baryon_mass
tau 100
metals 0.0040277310873548045 4.525540547589668e-05 0.0011134710540233279 0.0092135424531459703 0.0055999999999999999
hydrogen 4 0.69999999999999996 0.84999999999999998 0.90000000000000002 0.93999999999999995
helium3 2 0 0.029999999999999999
log_teff 3 3.6020599913279625 3.6232492903979003 3.6434526764861874
log_g 3 4.9000000000000004 5.1500000000000004 5.4000000000000004
data
1 3.8675347580506694 6.3087918773481402
1 3.8473631357046214 6.510948262924396
1 3.8183643532004399 6.7068149365547969
1 3.9011374137833168 6.1810995132924509
1 3.8932087160599202 6.3692945594545058
1 3.8809770733182076 6.5638511570934241
1 3.9213179175939881 6.0837397913588553
1 3.9185090940146905 6.2582844120224976
1 3.9141109464193793 6.4388296354160603
1 3.8676960057757457 6.3087763532770804
1 3.8476690410939316 6.5108243714388054
1 3.818808633838191 6.7066739118388776
1 3.9011782859908908 6.1814436236462891
1 3.893309509214903 6.3694860505393951
1 3.8811470171079581 6.5638446631294576
1 3.9213210875643973 6.0842194944589751
1 3.9185314171528343 6.258655627947193
1 3.9141579966754474 6.4390731075105636
1 3.8607470631010701 6.2945069947793071
1 3.8388949382728845 6.4997325851467291
1 3.8087032598802435 6.6975049143558589
1 3.8964212135807306 6.1580591237419275
1 3.8878630768477995 6.3481820146453662
1 3.8750616294322815 6.5462061889086955
1 3.9174183253179287 6.055866342747092
1 3.9143248922284752 6.2318629734295259
1 3.9095775009548577 6.413375228552284
1 3.8609049588280753 6.2944472671790272
1 3.839196580439185 6.4996108783622368
1 3.8090947049437269 6.6973487238733318
1 3.8964886249339905 6.1583592765469977
1 3.8879624969471167 6.3483057676937031
1 3.8752205418379426 6.5461539721283923
1 3.9174239432544731 6.0562648349663171
1 3.9143537631942142 6.2321658356008882
1 3.9096234010411766 6.413572973591454
1 3.85880432213209 6.2903102342399855
1 3.8364516815933376 6.4961856408699949
1 3.8061263431527927 6.6946459331611061
1 3.8950791669072813 6.1513879634298645
1 3.8863395483900125 6.3420499483155011
1 3.8733427677548824 6.540874178622305
1 3.9162449002924893 6.0477164663734921
1 3.9130906178290332 6.2241773090992032
1 3.9082531340481439 6.405980024143803
1 3.8589591085548802 6.2902436752062947
1 3.8367443344241936 6.4960514954088682
1 3.8065058556904181 6.6944935861188259
1 3.8951204810395272 6.1516065399623301
1 3.8864229873854428 6.3421336929541026
1 3.8734943500142349 6.540806227549445
1 3.9162462390082311 6.048076284112943
1 3.9131092086864809 6.2244708900102337
1 3.9082975083993188 6.4061686353204337
1 3.8573458014620612 6.2870945365503372
1 3.8346301121020256 6.4934207541140747
1 3.8042320699452556 6.6924277481167236
1 3.8940420562518248 6.1462430277397617
1 3.8851742730746102 6.3373699587924435
1 3.8720506591140613 6.536767651366918
1 3.9153147443987564 6.0414648363798928
1 3.9121757113354243 6.2183899484944751
1 3.9072530950327384 6.4004035718137473
1 3.8575007187868793 6.2870242971009258
1 3.8349169692078404 6.493285783499827
1 3.8045980894846214 6.692274284613327
1 3.8940815928042953 6.1464476778537582
1 3.8852572937351413 6.3374446929576802
1 3.8721985386223015 6.5366912589557744
1 3.9153142084837058 6.0418109714123682
1 3.9121952485821745 6.2186689482325219
1 3.9072973476995285 6.4005829608924341
