EMBER_METAL_ATMOSPHERE_RESPONSE 1
source "Retained paired gas-atmosphere matching states; provenance in recovery.json"
approximation "Linear-in-Z logarithmic T/Pgas response, separable He3 <= .003, GS98 ratios"
basis baryon_mass
reference_Z 0.00050000000000000001
source_Z 0.0001
maximum_helium3 .003
tau 100
hydrogen 4 0.90000000000000002 0.93999999999999995 0.97999999999999998 0.995
log_teff 4 3.6020599913279625 3.6434526764861874 3.6627578316815739 3.6812412373755872
log_g 2 5.1500000000000004 5.4000000000000004
data
1 -0.025713518922017869 0.60587532765569563
1 -0.017626799566073607 0.6134489023121219
1 -0.083738277828125263 0.59957365020814279
1 -0.068213904399046468 0.58540077408506619
0
0
0
0
1 -0.025658136856201053 0.6022291125459418
1 -0.017660953657069125 0.61006878715629032
1 -0.082860658806996779 0.59450159508574529
1 -0.067235806785370972 0.58162235474966917
1 -0.085607668491908623 0.52381059266299579
1 -0.085193152966706903 0.54097594999385656
1 -0.064673638008997739 0.40235451428361152
1 -0.071663829647091226 0.43365319896609467
1 -0.025603042328119965 0.59884850818738045
1 -0.017708367769126272 0.60681963318037913
1 -0.082005071087202439 0.58946889321075524
1 -0.06632708526286811 0.57783653297608595
1 -0.084766553333282063 0.51901235663740608
1 -0.084423627279152882 0.53529837531516589
1 -0.063932564769876576 0.39738215270417099
1 -0.070765556539238147 0.42830384138570909
0
0
1 -0.081652746303574109 0.5875080842447431
1 -0.065972057491896954 0.57631293239997505
1 -0.084436017667419136 0.5172659848859531
1 -0.084130426064049774 0.53321466081962454
1 -0.063624928680152432 0.39548269461370023
1 -0.070421763854485231 0.42630167990846818
