EMBER_METAL_ATMOSPHERE_RESPONSE 1
source "Retained paired gas-atmosphere matching states; provenance in recovery.json"
approximation "Linear-in-Z logarithmic T/Pgas response, separable He3 <= .003, GS98 ratios"
basis baryon_mass
reference_Z 0.001
source_Z 0.00050000000000000001
maximum_helium3 .003
tau 100
hydrogen 4 0.90000000000000002 0.93999999999999995 0.97999999999999998 0.995
log_teff 4 3.6020599913279625 3.6434526764861874 3.6627578316815739 3.6812412373755872
log_g 3 4.9000000000000004 5.1500000000000004 5.4000000000000004
data
1 -0.023951435484020695 0.3124003560317874
1 -0.016053259857130707 0.30608079979766961
1 -0.010791322803495422 0.30364289138325162
1 -0.048211090624064833 0.29737867725699202
1 -0.049702419162189315 0.30520331008406931
1 -0.045835086911072243 0.30307233927362626
0
0
0
0
0
0
1 -0.023700611515231132 0.31058811431033823
1 -0.01585918815551329 0.30478681333971025
1 -0.01074720537235766 0.30217899476858184
1 -0.048219806881199555 0.29690446494178591
1 -0.049573330981770615 0.30444915278136619
1 -0.045576296769082716 0.30122060569883058
0
1 -0.041992971810120135 0.25974893028782542
1 -0.045362792575497642 0.27319041599340216
0
1 -0.032350413647463133 0.2124245646620502
1 -0.03573995125833937 0.22492652427849874
1 -0.023496606932340739 0.30876074330370767
1 -0.015691602051775846 0.30353360458405027
1 -0.01070587030044476 0.30079411073077006
1 -0.048201295282614888 0.29637441698771916
1 -0.049414399176644301 0.30368078197771986
1 -0.045319298830339201 0.29942151628164748
0
1 -0.041947441432892349 0.25896854708881012
1 -0.045249243715975204 0.27243186477637321
0
1 -0.032161510159850908 0.2111036262368769
1 -0.035626405289225109 0.22379140825427546
0
0
0
0
1 -0.049363400038799327 0.3033761209942078
1 -0.045228063882741504 0.29871989846770314
0
1 -0.041948475106645351 0.25870144379025217
1 -0.045204482290293217 0.27208797554976466
0
1 -0.03210224241905197 0.21063483909363043
1 -0.035576730709285714 0.2233037689082697
